"","event.id","predicted","NOISE","X045","X085","original","correct"
"1","9","X085",0.4071,0.0305,0.5624,"X085",TRUE
"2","10","X085",0.0594,0.0772,0.8634,"X085",TRUE
"3","11","X085",0.3209,0.0494,0.6297,"X085",TRUE
"4","12","X085",0.419,0.0253,0.5557,"X085",TRUE
"5","13","X085",0.0046,0.0066,0.9888,"X085",TRUE
"6","17","X085",0.1067,0.0087,0.8846,"X085",TRUE
"7","36","X085",0.214,0.0523,0.7337,"X085",TRUE
"8","66","NOISE",0.8256,0.0095,0.1649,"NOISE",TRUE
"9","67","X085",0.4188,0.0253,0.5559,"X085",TRUE
"10","68","X085",0.3742,0.0396,0.5862,"X085",TRUE
"11","70","NOISE",0.9987,0,0.0013,"NOISE",TRUE
"12","71","X085",0.3962,0.036,0.5678,"X085",TRUE
"13","72","X085",0.4715,0.0201,0.5084,"X085",TRUE
"14","73","NOISE",0.7948,0.0822,0.123,"NOISE",TRUE
"15","74","NOISE",0.9689,0.0094,0.0217,"NOISE",TRUE
"16","120","X085",0.4614,0.0367,0.5019,"X085",TRUE
"17","122","X085",0.0438,0.0265,0.9297,"X085",TRUE
"18","133","NOISE",0.8611,0.0076,0.1313,"NOISE",TRUE
"19","175","X085",0.0296,0.0341,0.9363,"X085",TRUE
"20","176","X085",0.0575,0.0716,0.8709,"X085",TRUE
"21","188","NOISE",0.5379,0.1167,0.3454,"NOISE",TRUE
"22","193","X085",0.0069,0.0438,0.9493,"X085",TRUE
"23","201","NOISE",0.9128,0.0064,0.0808,"NOISE",TRUE
"24","215","X085",0.0835,0.0743,0.8422,"X085",TRUE
"25","216","X085",0.4414,0.0219,0.5367,"X085",TRUE
"26","237","NOISE",0.8997,0.0236,0.0767,"NOISE",TRUE
"27","246","X085",0.0287,0.0129,0.9584,"X085",TRUE
"28","247","X085",0.1606,0.0719,0.7675,"X085",TRUE
"29","259","NOISE",0.5601,0.1476,0.2923,"NOISE",TRUE
"30","266","NOISE",0.8269,0.0108,0.1623,"NOISE",TRUE
"31","267","X085",0.1084,0.0752,0.8164,"X085",TRUE
"32","290","X085",0.0503,0.0693,0.8804,"X085",TRUE
"33","291","X085",0.053,0.0953,0.8517,"X085",TRUE
"34","292","X085",0.3422,0.0415,0.6163,"X085",TRUE
"35","296","NOISE",0.9997,0,3e-04,"NOISE",TRUE
"36","310","X085",0.2846,3e-04,0.7151,"X085",TRUE
"37","313","X085",0.0789,0.0638,0.8573,"X085",TRUE
"38","322","X085",0.0912,0.0705,0.8383,"X085",TRUE
"39","325","X085",0.1635,0.0645,0.772,"X085",TRUE
"40","369","NOISE",0.9394,0.022,0.0386,"NOISE",TRUE
"41","393","X085",0.0287,0.0251,0.9462,"X085",TRUE
"42","394","X085",0.1048,0.0765,0.8187,"X085",TRUE
"43","433","X085",0.3548,0.0266,0.6186,"X085",TRUE
"44","461","NOISE",0.803,0.0123,0.1847,"X085",FALSE
"45","462","X085",0.1005,0.0587,0.8408,"X085",TRUE
"46","463","X085",0.2286,0.0606,0.7108,"X085",TRUE
"47","464","X085",0.0203,0.0461,0.9336,"X085",TRUE
"48","468","NOISE",0.7335,0.0318,0.2347,"X085",FALSE
"49","469","X085",0.0429,7e-04,0.9564,"X085",TRUE
"50","482","NOISE",0.9615,0.0112,0.0273,"NOISE",TRUE
"51","488","NOISE",0.9027,0.0042,0.0931,"NOISE",TRUE
"52","506","X085",0.1764,0.0493,0.7743,"X085",TRUE
"53","567","NOISE",0.8522,0.005,0.1428,"NOISE",TRUE
"54","573","X085",0.0244,2e-04,0.9754,"X085",TRUE
"55","585","NOISE",0.6337,0.0205,0.3458,"X085",FALSE
"56","586","X085",0.0397,0.0541,0.9062,"X085",TRUE
"57","588","X085",0.3296,0.0399,0.6305,"X085",TRUE
"58","599","NOISE",0.6065,0.0115,0.382,"X085",FALSE
"59","645","NOISE",0.9214,0.0248,0.0538,"X085",FALSE
"60","646","X085",0.3276,0.0017,0.6707,"X085",TRUE
"61","648","X085",0.0044,4e-04,0.9952,"X085",TRUE
"62","669","X085",0.1391,0.066,0.7949,"X085",TRUE
"63","709","NOISE",0.6626,0.0224,0.315,"X085",FALSE
"64","717","NOISE",0.669,0.0077,0.3233,"X085",FALSE
"65","731","X085",0.4734,0.0241,0.5025,"X085",TRUE
"66","753","X085",0.0165,0.008,0.9755,"X085",TRUE
"67","756","X085",0.1031,0.0749,0.822,"X085",TRUE
"68","757","NOISE",0.7779,0.0386,0.1835,"X085",FALSE
"69","768","NOISE",0.8028,0.0124,0.1848,"X085",FALSE
"70","769","X085",0.1792,0.0649,0.7559,"X085",TRUE
"71","770","X085",0.0159,0.003,0.9811,"X085",TRUE
"72","808","X085",0.0247,3e-04,0.975,"X085",TRUE
"73","862","X085",0.1478,0.059,0.7932,"X085",TRUE
"74","863","X085",0.1483,0.0613,0.7904,"X085",TRUE
"75","865","NOISE",0.8165,0.0012,0.1823,"NOISE",TRUE
"76","928","NOISE",0.984,0.003,0.013,"NOISE",TRUE
"77","966","X085",0.1758,0.0055,0.8187,"X085",TRUE
"78","967","X085",0.3352,0.0444,0.6204,"X085",TRUE
"79","973","NOISE",0.9359,0.0224,0.0417,"NOISE",TRUE
"80","981","NOISE",0.6648,0.0065,0.3287,"X085",FALSE
"81","982","X085",0.0481,0.0236,0.9283,"X085",TRUE
"82","983","X085",0.1088,0.0811,0.8101,"X085",TRUE
"83","984","X085",0.0057,0.0022,0.9921,"X085",TRUE
"84","986","X085",0.0648,0.0777,0.8575,"X085",TRUE
"85","1002","NOISE",0.514,0.0251,0.4609,"X085",FALSE
"86","1003","X085",0.1107,0.077,0.8123,"X085",TRUE
"87","1006","NOISE",0.7646,9e-04,0.2345,"X085",FALSE
"88","1007","NOISE",0.7373,3e-04,0.2624,"X085",FALSE
"89","1008","X085",0.3403,0.033,0.6267,"X085",TRUE
"90","1009","NOISE",0.7382,2e-04,0.2616,"X085",FALSE
"91","1011","X085",0.0306,0.0254,0.944,"X085",TRUE
"92","1057","X085",0.2519,0.0474,0.7007,"X085",TRUE
"93","1058","X085",0.0271,3e-04,0.9726,"X085",TRUE
"94","1059","X085",0.057,0.0861,0.8569,"X085",TRUE
"95","1062","NOISE",0.7924,0.0175,0.1901,"NOISE",TRUE
"96","1074","X085",0.3675,0.0359,0.5966,"X085",TRUE
"97","1075","X085",0.0595,0.0853,0.8552,"X085",TRUE
"98","1076","X085",0.0176,0.0586,0.9238,"X085",TRUE
"99","1113","X085",0.4602,0.0327,0.5071,"X085",TRUE
"100","1114","X085",0.0844,0.0843,0.8313,"X085",TRUE
"101","1186","NOISE",0.9799,0.0056,0.0145,"NOISE",TRUE
"102","1208","NOISE",0.998,8e-04,0.0012,"NOISE",TRUE
"103","1226","NOISE",0.9996,1e-04,3e-04,"NOISE",TRUE
"104","1229","NOISE",0.7268,0.0354,0.2378,"X085",FALSE
"105","1231","X085",0.262,0.0436,0.6944,"X085",TRUE
"106","1232","X085",0.4007,0.0343,0.565,"X085",TRUE
"107","1233","NOISE",0.6093,0.0308,0.3599,"X085",FALSE
"108","1247","X085",0.0882,0.0784,0.8334,"X085",TRUE
"109","1251","X085",0.3169,0.0333,0.6498,"X085",TRUE
"110","1260","NOISE",0.795,0.0018,0.2032,"NOISE",TRUE
"111","1274","X085",0.3203,0.0467,0.633,"X085",TRUE
"112","1281","NOISE",0.6646,0.0202,0.3152,"X085",FALSE
"113","1282","X085",0.3724,0.0507,0.5769,"X085",TRUE
"114","1345","NOISE",0.9992,1e-04,7e-04,"NOISE",TRUE
"115","1354","NOISE",0.9996,2e-04,2e-04,"NOISE",TRUE
"116","1362","NOISE",0.9985,4e-04,0.0011,"NOISE",TRUE
"117","1380","X085",0.2047,0.0166,0.7787,"X085",TRUE
"118","1386","NOISE",0.9355,0.0225,0.042,"NOISE",TRUE
"119","1387","NOISE",0.9284,0.0223,0.0493,"NOISE",TRUE
"120","1388","NOISE",0.975,0.0076,0.0174,"NOISE",TRUE
"121","1397","X085",0.2377,0.0488,0.7135,"X085",TRUE
"122","1398","X085",0.2237,0.0606,0.7157,"X085",TRUE
"123","1492","NOISE",0.9539,0.0102,0.0359,"NOISE",TRUE
"124","1494","NOISE",0.4422,0.2079,0.3499,"X045",FALSE
"125","1499","NOISE",0.9996,2e-04,2e-04,"NOISE",TRUE
"126","1504","X085",0.176,0.0012,0.8228,"X085",TRUE
"127","1505","X085",0.0886,0.0204,0.891,"X085",TRUE
"128","1507","X085",0.2428,0.0508,0.7064,"X085",TRUE
"129","1512","X085",0.2874,0.046,0.6666,"X085",TRUE
"130","1519","NOISE",0.9847,0.0066,0.0087,"NOISE",TRUE
"131","1545","X085",0.1107,0.0648,0.8245,"X085",TRUE
"132","1549","NOISE",0.994,0.0016,0.0044,"NOISE",TRUE
"133","1552","NOISE",0.9772,0.0048,0.018,"NOISE",TRUE
"134","1567","X085",0.1737,0.054,0.7723,"X085",TRUE
"135","1599","X085",0.4091,0.033,0.5579,"NOISE",FALSE
"136","1600","X085",0.3829,0.0392,0.5779,"X085",TRUE
"137","1607","NOISE",0.908,0.0218,0.0702,"NOISE",TRUE
"138","1612","X085",0.3237,0.0425,0.6338,"X085",TRUE
"139","1620","NOISE",0.9998,1e-04,1e-04,"NOISE",TRUE
"140","1632","NOISE",0.9381,0.0178,0.0441,"NOISE",TRUE
"141","1633","NOISE",0.7108,0.0963,0.1929,"NOISE",TRUE
"142","1640","NOISE",0.9394,0.022,0.0386,"NOISE",TRUE
"143","1642","X045",0.2961,0.516,0.1879,"X045",TRUE
"144","1673","X085",0.2906,0.0435,0.6659,"X085",TRUE
"145","1709","X085",0.3215,0.0452,0.6333,"NOISE",FALSE
"146","1713","X085",0.2509,0.2418,0.5073,"X045",FALSE
"147","1714","X045",0.0556,0.8461,0.0983,"X045",TRUE
"148","1715","X045",0.029,0.8545,0.1165,"X045",TRUE
"149","1716","X045",0.0536,0.8647,0.0817,"X045",TRUE
"150","1724","NOISE",0.9998,0,2e-04,"NOISE",TRUE
"151","1725","NOISE",0.9991,2e-04,7e-04,"NOISE",TRUE
"152","1757","NOISE",0.4482,0.1636,0.3882,"X045",FALSE
"153","1758","X085",0.1789,0.35,0.4711,"X045",FALSE
"154","1771","NOISE",0.6876,0.1194,0.193,"X045",FALSE
"155","1789","X085",0.0934,0.2753,0.6313,"X045",FALSE
"156","1795","NOISE",0.9786,0.0166,0.0048,"NOISE",TRUE
"157","1804","NOISE",0.9921,0.0015,0.0064,"NOISE",TRUE
"158","1830","X085",0.2745,0.3229,0.4026,"X045",FALSE
"159","1872","NOISE",0.9372,0.0225,0.0403,"NOISE",TRUE
"160","1884","NOISE",0.9991,2e-04,7e-04,"NOISE",TRUE
"161","1909","NOISE",0.9986,3e-04,0.0011,"NOISE",TRUE
"162","1967","X085",0.0338,0.2681,0.6981,"X045",FALSE
"163","2005","NOISE",0.9591,0.0052,0.0357,"NOISE",TRUE
"164","2006","NOISE",0.9692,0.0069,0.0239,"NOISE",TRUE
"165","2021","NOISE",0.7317,0.0223,0.246,"NOISE",TRUE
"166","2022","NOISE",0.9534,0.0087,0.0379,"NOISE",TRUE
"167","2023","NOISE",0.8541,0.0067,0.1392,"NOISE",TRUE
"168","2024","NOISE",0.9702,0.0078,0.022,"NOISE",TRUE
"169","2025","NOISE",0.9995,1e-04,4e-04,"NOISE",TRUE
"170","2026","NOISE",0.9958,0.001,0.0032,"NOISE",TRUE
"171","2027","NOISE",0.9989,3e-04,8e-04,"NOISE",TRUE
"172","2029","NOISE",0.9998,0,2e-04,"NOISE",TRUE
"173","2030","NOISE",0.8302,0.0103,0.1595,"NOISE",TRUE
"174","2031","NOISE",0.983,0.0044,0.0126,"NOISE",TRUE
"175","2032","NOISE",0.957,0.0098,0.0332,"NOISE",TRUE
"176","2036","NOISE",0.9983,4e-04,0.0013,"NOISE",TRUE
"177","2039","NOISE",0.9985,4e-04,0.0011,"NOISE",TRUE
"178","2044","NOISE",0.9985,4e-04,0.0011,"NOISE",TRUE
"179","2069","X045",0.1042,0.5573,0.3385,"NOISE",FALSE
"180","2071","NOISE",0.9192,0.0311,0.0497,"NOISE",TRUE
"181","2072","NOISE",0.9292,0.0107,0.0601,"NOISE",TRUE
"182","2073","NOISE",0.9996,1e-04,3e-04,"NOISE",TRUE
"183","2074","NOISE",0.9991,3e-04,6e-04,"NOISE",TRUE
"184","2076","NOISE",0.9872,0.0027,0.0101,"NOISE",TRUE
"185","2078","NOISE",0.9607,0.0066,0.0327,"NOISE",TRUE
"186","2083","NOISE",0.9956,0.0012,0.0032,"NOISE",TRUE
"187","2088","NOISE",0.9984,4e-04,0.0012,"NOISE",TRUE
"188","2089","NOISE",0.9861,0.0032,0.0107,"NOISE",TRUE
"189","2091","NOISE",0.8609,0.0033,0.1358,"NOISE",TRUE
"190","2094","NOISE",0.6325,0.059,0.3085,"NOISE",TRUE
"191","2095","NOISE",0.6748,0.0645,0.2607,"NOISE",TRUE
"192","2096","NOISE",0.9261,0.0117,0.0622,"NOISE",TRUE
"193","2097","NOISE",0.9786,0.0039,0.0175,"NOISE",TRUE
"194","2098","NOISE",0.9619,0.0081,0.03,"NOISE",TRUE
"195","2099","NOISE",0.9323,0.0228,0.0449,"NOISE",TRUE
"196","2100","NOISE",0.9785,0.0041,0.0174,"NOISE",TRUE
"197","2102","NOISE",0.7094,0.025,0.2656,"NOISE",TRUE
"198","2107","NOISE",0.9783,0.0041,0.0176,"NOISE",TRUE
"199","2110","NOISE",0.702,0.0348,0.2632,"NOISE",TRUE
"200","2133","NOISE",0.9321,0.0209,0.047,"NOISE",TRUE
"201","2137","NOISE",0.9873,0.0028,0.0099,"NOISE",TRUE
"202","2141","NOISE",0.988,0.0071,0.0049,"NOISE",TRUE
"203","2142","NOISE",0.964,0.0077,0.0283,"NOISE",TRUE
"204","2143","NOISE",0.9865,1e-04,0.0134,"NOISE",TRUE
"205","2144","NOISE",0.9696,0.0089,0.0215,"NOISE",TRUE
"206","2145","NOISE",0.8677,0.0034,0.1289,"NOISE",TRUE
"207","2146","NOISE",0.9067,0.0056,0.0877,"NOISE",TRUE
"208","2147","NOISE",0.9865,0.003,0.0105,"NOISE",TRUE
"209","2191","NOISE",0.9285,0.023,0.0485,"NOISE",TRUE
"210","2210","NOISE",0.935,0.004,0.061,"NOISE",TRUE
"211","2211","NOISE",0.5681,0.0437,0.3882,"NOISE",TRUE
"212","2221","NOISE",0.9973,1e-04,0.0026,"NOISE",TRUE
"213","2222","NOISE",1,0,0,"NOISE",TRUE
"214","2223","NOISE",0.9836,0.0037,0.0127,"NOISE",TRUE
"215","2224","NOISE",0.9995,1e-04,4e-04,"NOISE",TRUE
"216","2232","NOISE",0.9366,0.022,0.0414,"NOISE",TRUE
"217","2237","NOISE",0.9785,0.0047,0.0168,"NOISE",TRUE
"218","2238","NOISE",0.9143,0.023,0.0627,"NOISE",TRUE
"219","2240","NOISE",0.9586,0.0116,0.0298,"NOISE",TRUE
"220","2241","NOISE",0.987,0.0025,0.0105,"NOISE",TRUE
"221","2242","NOISE",0.9851,0.0032,0.0117,"NOISE",TRUE
"222","2243","NOISE",0.9999,0,1e-04,"NOISE",TRUE
"223","2244","NOISE",0.9179,0.0034,0.0787,"NOISE",TRUE
"224","2246","NOISE",0.9347,0.0349,0.0304,"NOISE",TRUE
"225","2247","NOISE",0.9609,0.0093,0.0298,"NOISE",TRUE
"226","2248","NOISE",0.671,0.0304,0.2986,"NOISE",TRUE
"227","2249","NOISE",0.9826,0.0032,0.0142,"NOISE",TRUE
"228","2250","NOISE",0.9359,0.0221,0.042,"NOISE",TRUE
"229","2251","NOISE",0.9355,0.0228,0.0417,"NOISE",TRUE
"230","2252","NOISE",0.6946,0.0306,0.2748,"NOISE",TRUE
"231","2253","NOISE",0.7234,0.031,0.2456,"NOISE",TRUE
"232","2254","NOISE",0.9817,0.0034,0.0149,"NOISE",TRUE
"233","2255","NOISE",0.9988,4e-04,8e-04,"NOISE",TRUE
"234","2256","NOISE",0.8541,0.0065,0.1394,"NOISE",TRUE
"235","2257","NOISE",0.9421,0.0118,0.0461,"NOISE",TRUE
"236","2258","NOISE",0.6999,0.0236,0.2765,"NOISE",TRUE
"237","2259","NOISE",0.9732,0.0053,0.0215,"NOISE",TRUE
"238","2261","NOISE",0.6808,0.028,0.2912,"NOISE",TRUE
"239","2262","X085",0.4601,0.0782,0.4617,"NOISE",FALSE
"240","2263","NOISE",0.7263,0.0186,0.2551,"NOISE",TRUE
"241","2264","NOISE",0.959,0.0038,0.0372,"NOISE",TRUE
"242","2265","NOISE",0.9791,0.0037,0.0172,"NOISE",TRUE
"243","2266","NOISE",0.9999,0,1e-04,"NOISE",TRUE
"244","2267","NOISE",0.7982,0.0131,0.1887,"NOISE",TRUE
"245","2268","NOISE",0.9362,0.0149,0.0489,"NOISE",TRUE
"246","2269","NOISE",0.9336,0.0217,0.0447,"NOISE",TRUE
"247","2271","NOISE",0.9964,3e-04,0.0033,"NOISE",TRUE
"248","2272","NOISE",0.9595,0.0114,0.0291,"NOISE",TRUE
"249","2273","NOISE",0.8826,2e-04,0.1172,"NOISE",TRUE
"250","2275","NOISE",0.993,8e-04,0.0062,"NOISE",TRUE
"251","2276","NOISE",0.9968,7e-04,0.0025,"NOISE",TRUE
"252","2281","NOISE",0.9948,0.0012,0.004,"NOISE",TRUE
"253","2282","NOISE",0.9863,0.0027,0.011,"NOISE",TRUE
"254","2283","NOISE",0.864,0.0089,0.1271,"NOISE",TRUE
"255","2284","NOISE",0.8103,0.0102,0.1795,"NOISE",TRUE
"256","2285","NOISE",0.977,0.0044,0.0186,"NOISE",TRUE
"257","2290","NOISE",0.996,4e-04,0.0036,"NOISE",TRUE
"258","2291","NOISE",0.9065,0.022,0.0715,"NOISE",TRUE
"259","2292","NOISE",0.9394,0.001,0.0596,"NOISE",TRUE
"260","2293","NOISE",0.9831,0.0037,0.0132,"NOISE",TRUE
"261","2294","NOISE",0.9215,0.0023,0.0762,"NOISE",TRUE
"262","2295","NOISE",0.9264,0.0221,0.0515,"NOISE",TRUE
"263","2296","NOISE",0.9648,0.0089,0.0263,"NOISE",TRUE
"264","2297","NOISE",0.9986,4e-04,0.001,"NOISE",TRUE
"265","2299","NOISE",0.5288,0.026,0.4452,"NOISE",TRUE
"266","2300","NOISE",0.5922,0.03,0.3778,"NOISE",TRUE
"267","2301","NOISE",0.7626,0.0391,0.1983,"NOISE",TRUE
"268","2302","X085",0.4486,0.0782,0.4732,"NOISE",FALSE
"269","2303","NOISE",0.5833,0.0462,0.3705,"NOISE",TRUE
"270","2321","NOISE",0.6167,0.039,0.3443,"NOISE",TRUE
"271","2324","NOISE",0.8409,0.0075,0.1516,"NOISE",TRUE
"272","2325","NOISE",0.523,0.0321,0.4449,"NOISE",TRUE
"273","2327","NOISE",0.9929,0.0018,0.0053,"NOISE",TRUE
"274","2340","NOISE",0.9306,0.0226,0.0468,"X085",FALSE
"275","2341","NOISE",0.604,0.0417,0.3543,"X085",FALSE
"276","2342","X085",0.4254,0.0377,0.5369,"X085",TRUE
"277","2398","NOISE",0.7417,0.0094,0.2489,"NOISE",TRUE
"278","2408","NOISE",0.9843,0.0042,0.0115,"NOISE",TRUE
"279","2409","NOISE",0.9823,0.0039,0.0138,"NOISE",TRUE
"280","2410","NOISE",0.9792,0.0045,0.0163,"NOISE",TRUE
"281","2415","NOISE",0.9998,0,2e-04,"NOISE",TRUE
"282","2418","NOISE",0.9994,2e-04,4e-04,"NOISE",TRUE
"283","2420","NOISE",0.8636,0.0062,0.1302,"NOISE",TRUE
"284","2421","NOISE",0.9436,0.0116,0.0448,"NOISE",TRUE
"285","2422","NOISE",0.8566,0.0061,0.1373,"NOISE",TRUE
"286","2423","NOISE",0.8549,0.0043,0.1408,"NOISE",TRUE
"287","2424","NOISE",0.9261,0.0019,0.072,"NOISE",TRUE
"288","2425","NOISE",0.9331,0.0158,0.0511,"NOISE",TRUE
"289","2426","NOISE",0.8941,0.0064,0.0995,"NOISE",TRUE
"290","2427","NOISE",0.8767,0.0098,0.1135,"NOISE",TRUE
"291","2428","NOISE",0.9769,0.004,0.0191,"NOISE",TRUE
"292","2429","NOISE",0.823,0.0121,0.1649,"NOISE",TRUE
"293","2430","NOISE",0.8403,0.0078,0.1519,"NOISE",TRUE
"294","2431","NOISE",0.9876,0.003,0.0094,"NOISE",TRUE
"295","2432","NOISE",0.9818,0.0034,0.0148,"NOISE",TRUE
"296","2433","NOISE",0.9861,0.0029,0.011,"NOISE",TRUE
"297","2434","NOISE",0.9779,0.0042,0.0179,"NOISE",TRUE
"298","2435","NOISE",0.9836,0.0034,0.013,"NOISE",TRUE
"299","2436","NOISE",0.9971,7e-04,0.0022,"NOISE",TRUE
"300","2437","NOISE",0.9731,0.0064,0.0205,"NOISE",TRUE
"301","2438","NOISE",0.9892,0.002,0.0088,"NOISE",TRUE
"302","2439","NOISE",0.9589,0.0117,0.0294,"NOISE",TRUE
"303","2440","NOISE",0.9974,7e-04,0.0019,"NOISE",TRUE
"304","2441","NOISE",0.8843,0.0029,0.1128,"NOISE",TRUE
"305","2442","NOISE",0.9788,0.0048,0.0164,"NOISE",TRUE
"306","2452","NOISE",0.9823,0.0015,0.0162,"NOISE",TRUE
"307","2453","X085",0.442,0.0458,0.5122,"NOISE",FALSE
"308","2454","NOISE",0.5832,0.0661,0.3507,"NOISE",TRUE
"309","2455","NOISE",0.8736,0.0095,0.1169,"NOISE",TRUE
"310","2456","NOISE",0.9586,0.0089,0.0325,"NOISE",TRUE
"311","2457","NOISE",0.9978,1e-04,0.0021,"NOISE",TRUE
"312","2458","NOISE",0.8526,0.0059,0.1415,"NOISE",TRUE
"313","2467","X085",0.3652,0.0383,0.5965,"NOISE",FALSE
"314","2468","NOISE",0.8165,0.0109,0.1726,"NOISE",TRUE
"315","2469","NOISE",0.9171,0.0168,0.0661,"NOISE",TRUE
"316","2470","NOISE",0.8223,0.0095,0.1682,"NOISE",TRUE
"317","2471","NOISE",0.9216,0.0075,0.0709,"NOISE",TRUE
"318","2472","NOISE",0.9378,0.0083,0.0539,"NOISE",TRUE
"319","2473","NOISE",0.9169,0.0121,0.071,"NOISE",TRUE
"320","2474","NOISE",0.9759,0.0046,0.0195,"NOISE",TRUE
"321","2475","NOISE",0.8189,0.0105,0.1706,"NOISE",TRUE
"322","2476","NOISE",0.9207,0.0025,0.0768,"NOISE",TRUE
"323","2477","NOISE",0.8199,0.0096,0.1705,"NOISE",TRUE
"324","2478","NOISE",0.8238,0.0654,0.1108,"NOISE",TRUE
"325","2479","NOISE",0.9882,0.0026,0.0092,"NOISE",TRUE
"326","2480","NOISE",0.6983,0.0493,0.2524,"NOISE",TRUE
"327","2486","NOISE",0.9357,2e-04,0.0641,"NOISE",TRUE
"328","2487","NOISE",0.9751,0.0049,0.02,"NOISE",TRUE
"329","2489","NOISE",0.7651,0.0795,0.1554,"NOISE",TRUE
"330","2491","NOISE",0.8344,0.0075,0.1581,"NOISE",TRUE
"331","2494","NOISE",0.9947,0.0014,0.0039,"NOISE",TRUE
"332","2495","NOISE",0.9584,0.012,0.0296,"NOISE",TRUE
"333","2499","NOISE",0.9931,9e-04,0.006,"NOISE",TRUE
"334","2522","NOISE",0.9339,0.0217,0.0444,"NOISE",TRUE
"335","2530","NOISE",0.9537,0.0101,0.0362,"NOISE",TRUE
"336","2554","NOISE",0.8205,0.0781,0.1014,"NOISE",TRUE
"337","2555","NOISE",0.8318,0.0695,0.0987,"NOISE",TRUE
"338","2556","NOISE",0.9784,1e-04,0.0215,"NOISE",TRUE
"339","2565","NOISE",0.9962,0.0014,0.0024,"NOISE",TRUE
"340","2566","NOISE",0.997,7e-04,0.0023,"NOISE",TRUE
"341","2571","NOISE",0.9994,2e-04,4e-04,"NOISE",TRUE
"342","2572","NOISE",0.9984,4e-04,0.0012,"NOISE",TRUE
"343","2573","NOISE",0.9978,7e-04,0.0015,"NOISE",TRUE
"344","2575","NOISE",0.9997,1e-04,2e-04,"NOISE",TRUE
"345","2576","NOISE",0.8821,3e-04,0.1176,"NOISE",TRUE
"346","2577","NOISE",0.9713,6e-04,0.0281,"NOISE",TRUE
"347","2579","NOISE",0.984,0.0034,0.0126,"NOISE",TRUE
"348","2580","NOISE",0.9765,0.0065,0.017,"NOISE",TRUE
"349","2581","NOISE",0.9967,7e-04,0.0026,"NOISE",TRUE
"350","2582","NOISE",0.9146,0.0043,0.0811,"NOISE",TRUE
"351","2583","NOISE",0.8901,5e-04,0.1094,"NOISE",TRUE
"352","2584","NOISE",0.9914,0.0025,0.0061,"NOISE",TRUE
"353","2587","NOISE",0.9997,0,3e-04,"NOISE",TRUE
"354","2588","NOISE",0.9992,3e-04,5e-04,"NOISE",TRUE
"355","2589","NOISE",0.9997,1e-04,2e-04,"NOISE",TRUE
"356","2590","NOISE",0.9988,2e-04,0.001,"NOISE",TRUE
"357","2591","NOISE",0.9999,0,1e-04,"NOISE",TRUE
"358","2592","NOISE",0.9997,1e-04,2e-04,"NOISE",TRUE
"359","2593","NOISE",0.9946,0.0011,0.0043,"NOISE",TRUE
"360","2594","NOISE",0.9909,0.0021,0.007,"NOISE",TRUE
"361","2595","NOISE",0.9788,0.0053,0.0159,"NOISE",TRUE
"362","2596","NOISE",0.9859,0.0027,0.0114,"NOISE",TRUE
"363","2597","NOISE",0.9088,0.0062,0.085,"NOISE",TRUE
"364","2598","NOISE",0.9426,0.0143,0.0431,"NOISE",TRUE
"365","2599","NOISE",0.9952,0.0011,0.0037,"NOISE",TRUE
"366","2600","NOISE",0.9629,0.0212,0.0159,"NOISE",TRUE
"367","2604","NOISE",0.9999,0,1e-04,"NOISE",TRUE
"368","2605","NOISE",0.8668,0.0613,0.0719,"NOISE",TRUE
"369","2606","NOISE",0.9984,4e-04,0.0012,"NOISE",TRUE
"370","2607","NOISE",0.9973,7e-04,0.002,"NOISE",TRUE
"371","2608","NOISE",0.9982,5e-04,0.0013,"NOISE",TRUE
"372","2609","NOISE",0.9891,0.0024,0.0085,"NOISE",TRUE
"373","2611","NOISE",0.9891,0.0022,0.0087,"NOISE",TRUE
"374","2612","NOISE",0.9889,0.0018,0.0093,"NOISE",TRUE
"375","2613","NOISE",0.9807,0.0036,0.0157,"NOISE",TRUE
"376","2614","NOISE",0.9763,0.0061,0.0176,"NOISE",TRUE
"377","2615","NOISE",0.9631,0.0291,0.0078,"NOISE",TRUE
"378","2617","NOISE",0.9852,0.0042,0.0106,"NOISE",TRUE
"379","2618","NOISE",0.9772,0.0062,0.0166,"NOISE",TRUE
"380","2619","NOISE",0.9998,0,2e-04,"NOISE",TRUE
"381","2621","NOISE",0.996,7e-04,0.0033,"NOISE",TRUE
"382","2628","NOISE",0.9906,0.0028,0.0066,"NOISE",TRUE
"383","2639","NOISE",0.9999,0,1e-04,"NOISE",TRUE
"384","2640","NOISE",0.9329,0.022,0.0451,"NOISE",TRUE
"385","2641","NOISE",0.927,0.0224,0.0506,"NOISE",TRUE
"386","2643","NOISE",0.9931,9e-04,0.006,"NOISE",TRUE
"387","2644","NOISE",0.9979,4e-04,0.0017,"NOISE",TRUE
"388","2678","NOISE",0.9996,1e-04,3e-04,"NOISE",TRUE
"389","2679","NOISE",0.9987,4e-04,9e-04,"NOISE",TRUE
"390","2698","NOISE",0.9295,0.0229,0.0476,"NOISE",TRUE
"391","2710","NOISE",0.9979,4e-04,0.0017,"NOISE",TRUE
"392","2711","NOISE",0.9869,0.003,0.0101,"NOISE",TRUE
"393","2712","NOISE",0.9968,0.0012,0.002,"NOISE",TRUE
"394","2715","NOISE",0.6347,0.0266,0.3387,"NOISE",TRUE
"395","2732","NOISE",0.9978,2e-04,0.002,"NOISE",TRUE
"396","2733","NOISE",0.9995,1e-04,4e-04,"NOISE",TRUE
"397","2734","NOISE",0.8826,3e-04,0.1171,"NOISE",TRUE
"398","2735","NOISE",0.9933,0.0016,0.0051,"NOISE",TRUE
"399","2736","NOISE",0.9502,0.0113,0.0385,"NOISE",TRUE
"400","2737","NOISE",0.9565,0.0054,0.0381,"NOISE",TRUE
"401","2738","NOISE",0.8697,0.0565,0.0738,"NOISE",TRUE
"402","2739","NOISE",0.9999,0,1e-04,"NOISE",TRUE
"403","2740","NOISE",0.9295,0.0229,0.0476,"NOISE",TRUE
"404","2741","NOISE",0.9231,0.0254,0.0515,"NOISE",TRUE
"405","2742","NOISE",0.929,0.0229,0.0481,"NOISE",TRUE
"406","2743","NOISE",0.9394,0.022,0.0386,"NOISE",TRUE
"407","2745","NOISE",0.9613,0.0306,0.0081,"NOISE",TRUE
"408","2746","NOISE",0.962,0.0107,0.0273,"NOISE",TRUE
"409","2750","NOISE",0.9989,6e-04,5e-04,"NOISE",TRUE
"410","2751","NOISE",0.9842,0.004,0.0118,"NOISE",TRUE
"411","2753","NOISE",0.8697,0.0021,0.1282,"NOISE",TRUE
"412","2754","NOISE",0.9803,0.0038,0.0159,"NOISE",TRUE
"413","2755","NOISE",0.8492,0.0054,0.1454,"NOISE",TRUE
"414","2758","X085",0.4028,0.0675,0.5297,"NOISE",FALSE
"415","2759","NOISE",0.615,0.0204,0.3646,"NOISE",TRUE
"416","2762","NOISE",0.8894,5e-04,0.1101,"NOISE",TRUE
"417","2779","NOISE",0.9386,0.0228,0.0386,"NOISE",TRUE
"418","2792","NOISE",0.9962,0.0012,0.0026,"NOISE",TRUE
"419","2793","NOISE",0.9991,1e-04,8e-04,"NOISE",TRUE
"420","2794","NOISE",0.9958,0.001,0.0032,"NOISE",TRUE
"421","2795","NOISE",0.6423,0.074,0.2837,"NOISE",TRUE
"422","2796","NOISE",0.9819,0.0041,0.014,"NOISE",TRUE
"423","2821","NOISE",0.9251,0.0388,0.0361,"NOISE",TRUE
"424","2826","NOISE",0.9992,4e-04,4e-04,"NOISE",TRUE
"425","2834","NOISE",0.888,0.0509,0.0611,"NOISE",TRUE
"426","2835","NOISE",0.884,0.0012,0.1148,"NOISE",TRUE
"427","2836","NOISE",0.9849,3e-04,0.0148,"NOISE",TRUE
"428","2837","NOISE",0.9825,0.0033,0.0142,"NOISE",TRUE
"429","2851","NOISE",0.9992,4e-04,4e-04,"NOISE",TRUE
"430","2852","NOISE",0.9997,1e-04,2e-04,"NOISE",TRUE
"431","2853","NOISE",0.8178,0.0707,0.1115,"NOISE",TRUE
"432","2855","NOISE",0.98,0.0037,0.0163,"NOISE",TRUE
"433","2857","NOISE",0.9616,0.0012,0.0372,"NOISE",TRUE
"434","2858","NOISE",0.9966,0.002,0.0014,"NOISE",TRUE
"435","2859","NOISE",1,0,0,"NOISE",TRUE
"436","2860","NOISE",0.992,0.0025,0.0055,"NOISE",TRUE
"437","2861","NOISE",0.9756,0.0061,0.0183,"NOISE",TRUE
"438","2862","NOISE",0.9148,0.0399,0.0453,"NOISE",TRUE
"439","2863","NOISE",0.8422,0.0045,0.1533,"NOISE",TRUE
"440","2864","NOISE",0.7539,0.0931,0.153,"NOISE",TRUE
"441","2865","NOISE",0.9996,1e-04,3e-04,"NOISE",TRUE
"442","2866","NOISE",0.9581,0.0116,0.0303,"NOISE",TRUE
"443","2867","NOISE",0.9978,4e-04,0.0018,"NOISE",TRUE
"444","2869","NOISE",0.936,0.0193,0.0447,"NOISE",TRUE
"445","2890","NOISE",0.8586,0.0037,0.1377,"NOISE",TRUE
"446","2893","NOISE",0.9384,0.0216,0.04,"NOISE",TRUE
"447","2895","NOISE",0.9977,4e-04,0.0019,"NOISE",TRUE
"448","2896","NOISE",0.9997,2e-04,1e-04,"NOISE",TRUE
"449","2897","NOISE",0.9967,8e-04,0.0025,"NOISE",TRUE
"450","2898","NOISE",0.9278,0.0214,0.0508,"NOISE",TRUE
"451","2899","NOISE",0.9185,0.0195,0.062,"NOISE",TRUE
"452","2900","NOISE",0.9305,0.0217,0.0478,"NOISE",TRUE
"453","2901","NOISE",0.6712,0.0539,0.2749,"NOISE",TRUE
"454","2902","NOISE",0.9622,0.007,0.0308,"NOISE",TRUE
"455","2903","NOISE",0.9656,0.0048,0.0296,"NOISE",TRUE
"456","2904","NOISE",0.941,0.0031,0.0559,"NOISE",TRUE
"457","2905","NOISE",0.9433,0.0119,0.0448,"NOISE",TRUE
"458","2909","NOISE",0.9698,0.0056,0.0246,"NOISE",TRUE
"459","2910","X085",0.4612,0.0358,0.503,"NOISE",FALSE
"460","2911","NOISE",0.674,0.0353,0.2907,"NOISE",TRUE
"461","2912","NOISE",0.7982,0.0171,0.1847,"NOISE",TRUE
"462","2914","NOISE",1,0,0,"NOISE",TRUE
"463","2915","NOISE",0.5282,0.0191,0.4527,"NOISE",TRUE
"464","2916","NOISE",0.582,0.0211,0.3969,"NOISE",TRUE
"465","2917","NOISE",0.8844,0.0011,0.1145,"NOISE",TRUE
"466","2918","NOISE",0.9987,0,0.0013,"NOISE",TRUE
"467","2920","NOISE",0.9999,0,1e-04,"NOISE",TRUE
"468","2921","NOISE",0.7358,0.0912,0.173,"NOISE",TRUE
"469","2922","NOISE",0.8393,0.0078,0.1529,"NOISE",TRUE
"470","2923","NOISE",0.9605,0.0077,0.0318,"NOISE",TRUE
"471","2924","NOISE",0.8829,0.046,0.0711,"NOISE",TRUE
"472","2925","NOISE",0.8197,0.0577,0.1226,"NOISE",TRUE
"473","2926","NOISE",0.9589,0.0118,0.0293,"NOISE",TRUE
"474","2927","NOISE",0.7971,0.0734,0.1295,"NOISE",TRUE
"475","2928","NOISE",0.9982,8e-04,0.001,"NOISE",TRUE
"476","2929","NOISE",0.9996,4e-04,0,"NOISE",TRUE
"477","2930","NOISE",0.7044,0.0192,0.2764,"NOISE",TRUE
"478","2931","NOISE",0.7096,0.0238,0.2666,"NOISE",TRUE
"479","2933","X085",0.4031,0.0328,0.5641,"NOISE",FALSE
"480","2934","NOISE",0.9094,0.0039,0.0867,"NOISE",TRUE
"481","2935","NOISE",0.9944,0.001,0.0046,"NOISE",TRUE
"482","2936","NOISE",0.9987,4e-04,9e-04,"NOISE",TRUE
"483","2939","NOISE",0.9817,0.0037,0.0146,"NOISE",TRUE
"484","2940","NOISE",0.9947,9e-04,0.0044,"NOISE",TRUE
"485","2948","NOISE",0.9867,0.0027,0.0106,"NOISE",TRUE
"486","2949","NOISE",0.5615,0.0307,0.4078,"NOISE",TRUE
"487","2951","NOISE",0.9755,0.0051,0.0194,"NOISE",TRUE
"488","2962","NOISE",0.9994,4e-04,2e-04,"NOISE",TRUE
"489","2976","NOISE",0.9959,0,0.0041,"NOISE",TRUE
"490","2977","NOISE",0.9249,0.0033,0.0718,"NOISE",TRUE
"491","2980","NOISE",0.8262,0.0428,0.131,"NOISE",TRUE
"492","2987","NOISE",0.8703,0.0015,0.1282,"NOISE",TRUE
"493","2990","NOISE",0.9495,0.0113,0.0392,"NOISE",TRUE
"494","2991","NOISE",0.9236,0.0253,0.0511,"NOISE",TRUE
"495","2992","NOISE",0.9251,0.0235,0.0514,"NOISE",TRUE
"496","2993","NOISE",0.7942,0.0715,0.1343,"NOISE",TRUE
"497","2996","NOISE",0.8946,0.0242,0.0812,"NOISE",TRUE
"498","3006","NOISE",0.9339,0.0222,0.0439,"NOISE",TRUE
"499","3007","NOISE",0.9355,0.0228,0.0417,"NOISE",TRUE
"500","3008","NOISE",0.9329,0.0227,0.0444,"NOISE",TRUE
"501","3009","NOISE",0.9315,0.0226,0.0459,"NOISE",TRUE
"502","3010","NOISE",0.9333,0.0225,0.0442,"NOISE",TRUE
"503","3011","NOISE",0.9287,0.0228,0.0485,"NOISE",TRUE
"504","3012","NOISE",0.9276,0.0224,0.05,"NOISE",TRUE
"505","3013","NOISE",0.9208,0.0227,0.0565,"NOISE",TRUE
"506","3014","NOISE",0.9234,0.0232,0.0534,"NOISE",TRUE
"507","3015","NOISE",0.923,0.0234,0.0536,"NOISE",TRUE
"508","3016","NOISE",0.9227,0.0227,0.0546,"NOISE",TRUE
"509","3017","NOISE",0.924,0.0235,0.0525,"NOISE",TRUE
"510","3018","NOISE",0.928,0.0229,0.0491,"NOISE",TRUE
"511","3019","NOISE",0.9222,0.0227,0.0551,"NOISE",TRUE
"512","3020","NOISE",0.9244,0.0235,0.0521,"NOISE",TRUE
"513","3021","NOISE",0.9239,0.0235,0.0526,"NOISE",TRUE
"514","3022","NOISE",0.9234,0.0242,0.0524,"NOISE",TRUE
"515","3023","NOISE",0.9236,0.0253,0.0511,"NOISE",TRUE
"516","3024","NOISE",0.9214,0.0248,0.0538,"NOISE",TRUE
"517","3025","NOISE",0.9242,0.0236,0.0522,"NOISE",TRUE
"518","3026","NOISE",0.9235,0.0235,0.053,"NOISE",TRUE
"519","3027","NOISE",0.9233,0.023,0.0537,"NOISE",TRUE
"520","3028","NOISE",0.9226,0.0235,0.0539,"NOISE",TRUE
"521","3029","NOISE",0.9214,0.0231,0.0555,"NOISE",TRUE
"522","3030","NOISE",0.9282,0.0229,0.0489,"NOISE",TRUE
"523","3031","NOISE",0.9281,0.0229,0.049,"NOISE",TRUE
"524","3032","NOISE",0.9262,0.0225,0.0513,"NOISE",TRUE
"525","3033","NOISE",0.9232,0.0236,0.0532,"NOISE",TRUE
"526","3034","NOISE",0.9232,0.0236,0.0532,"NOISE",TRUE
"527","3035","NOISE",0.9225,0.0253,0.0522,"NOISE",TRUE
"528","3036","NOISE",0.9237,0.0236,0.0527,"NOISE",TRUE
"529","3037","NOISE",0.9235,0.0235,0.053,"NOISE",TRUE
"530","3038","NOISE",0.9217,0.023,0.0553,"NOISE",TRUE
"531","3039","NOISE",0.9207,0.0231,0.0562,"NOISE",TRUE
"532","3040","NOISE",0.9221,0.0229,0.055,"NOISE",TRUE
"533","3041","NOISE",0.9224,0.0235,0.0541,"NOISE",TRUE
"534","3042","NOISE",0.9235,0.0235,0.053,"NOISE",TRUE
"535","3043","NOISE",0.9228,0.0235,0.0537,"NOISE",TRUE
"536","3044","NOISE",0.9234,0.0235,0.0531,"NOISE",TRUE
"537","3045","NOISE",0.9232,0.0235,0.0533,"NOISE",TRUE
"538","3046","NOISE",0.9232,0.0235,0.0533,"NOISE",TRUE
"539","3047","NOISE",0.9222,0.0235,0.0543,"NOISE",TRUE
"540","3048","NOISE",0.9207,0.0227,0.0566,"NOISE",TRUE
"541","3049","NOISE",0.9231,0.0235,0.0534,"NOISE",TRUE
"542","3050","NOISE",0.9235,0.0235,0.053,"NOISE",TRUE
"543","3051","NOISE",0.9235,0.0236,0.0529,"NOISE",TRUE
"544","3052","NOISE",0.9214,0.0248,0.0538,"NOISE",TRUE
"545","3053","NOISE",0.9221,0.0253,0.0526,"NOISE",TRUE
"546","3054","NOISE",0.9218,0.0253,0.0529,"NOISE",TRUE
"547","3055","NOISE",0.9219,0.0253,0.0528,"NOISE",TRUE
"548","3056","NOISE",0.9216,0.0253,0.0531,"NOISE",TRUE
"549","3057","NOISE",0.9231,0.0253,0.0516,"NOISE",TRUE
"550","3058","NOISE",0.9221,0.0253,0.0526,"NOISE",TRUE
"551","3059","NOISE",0.9236,0.0253,0.0511,"NOISE",TRUE
"552","3060","NOISE",0.9226,0.0253,0.0521,"NOISE",TRUE
"553","3061","NOISE",0.923,0.0253,0.0517,"NOISE",TRUE
"554","3062","NOISE",0.9228,0.0253,0.0519,"NOISE",TRUE
"555","3063","NOISE",0.9219,0.0253,0.0528,"NOISE",TRUE
"556","3064","NOISE",0.9219,0.0253,0.0528,"NOISE",TRUE
"557","3065","NOISE",0.9227,0.0253,0.052,"NOISE",TRUE
"558","3066","NOISE",0.922,0.0253,0.0527,"NOISE",TRUE
"559","3067","NOISE",0.9242,0.0236,0.0522,"NOISE",TRUE
"560","3068","NOISE",0.9209,0.0253,0.0538,"NOISE",TRUE
"561","3069","NOISE",0.9225,0.0253,0.0522,"NOISE",TRUE
"562","3070","NOISE",0.9209,0.0253,0.0538,"NOISE",TRUE
"563","3071","NOISE",0.9219,0.0253,0.0528,"NOISE",TRUE
"564","3072","NOISE",0.9226,0.0253,0.0521,"NOISE",TRUE
"565","3073","NOISE",0.9218,0.0253,0.0529,"NOISE",TRUE
"566","3074","NOISE",0.9228,0.0252,0.052,"NOISE",TRUE
"567","3075","NOISE",0.9212,0.0253,0.0535,"NOISE",TRUE
"568","3076","NOISE",0.9209,0.0253,0.0538,"NOISE",TRUE
"569","3077","NOISE",0.9225,0.0253,0.0522,"NOISE",TRUE
"570","3078","NOISE",0.9215,0.0253,0.0532,"NOISE",TRUE
"571","3079","NOISE",0.9205,0.0254,0.0541,"NOISE",TRUE
"572","3080","NOISE",0.9209,0.0253,0.0538,"NOISE",TRUE
"573","3081","NOISE",0.9214,0.0253,0.0533,"NOISE",TRUE
"574","3082","NOISE",0.9214,0.0253,0.0533,"NOISE",TRUE
"575","3083","NOISE",0.9212,0.0253,0.0535,"NOISE",TRUE
"576","3084","NOISE",0.9219,0.0253,0.0528,"NOISE",TRUE
"577","3085","NOISE",0.9212,0.0253,0.0535,"NOISE",TRUE
"578","3086","NOISE",0.9208,0.0251,0.0541,"NOISE",TRUE
"579","3087","NOISE",0.9214,0.0248,0.0538,"NOISE",TRUE
"580","3088","NOISE",0.9219,0.0254,0.0527,"NOISE",TRUE
"581","3089","NOISE",0.9208,0.0253,0.0539,"NOISE",TRUE
"582","3090","NOISE",0.9219,0.0253,0.0528,"NOISE",TRUE
"583","3091","NOISE",0.9221,0.0253,0.0526,"NOISE",TRUE
"584","3092","NOISE",0.9227,0.0242,0.0531,"NOISE",TRUE
"585","3093","NOISE",0.923,0.0236,0.0534,"NOISE",TRUE
"586","3094","NOISE",0.9223,0.0253,0.0524,"NOISE",TRUE
"587","3095","NOISE",0.9227,0.0254,0.0519,"NOISE",TRUE
"588","3096","NOISE",0.9207,0.0254,0.0539,"NOISE",TRUE
"589","3097","NOISE",0.9204,0.0254,0.0542,"NOISE",TRUE
"590","3098","NOISE",0.9211,0.0253,0.0536,"NOISE",TRUE
"591","3099","NOISE",0.9214,0.0253,0.0533,"NOISE",TRUE
"592","3100","NOISE",0.9227,0.0253,0.052,"NOISE",TRUE
"593","3101","NOISE",0.9209,0.0253,0.0538,"NOISE",TRUE
"594","3102","NOISE",0.9226,0.0253,0.0521,"NOISE",TRUE
"595","3103","NOISE",0.9203,0.0254,0.0543,"NOISE",TRUE
"596","3104","NOISE",0.9226,0.0253,0.0521,"NOISE",TRUE
"597","3105","NOISE",0.9224,0.0253,0.0523,"NOISE",TRUE
"598","3106","NOISE",0.9237,0.0236,0.0527,"NOISE",TRUE
"599","3107","NOISE",0.9263,0.023,0.0507,"NOISE",TRUE
"600","3108","NOISE",0.9209,0.0231,0.056,"NOISE",TRUE
"601","3109","NOISE",0.9229,0.0232,0.0539,"NOISE",TRUE
"602","3110","NOISE",0.9259,0.023,0.0511,"NOISE",TRUE
"603","3111","NOISE",0.9272,0.0229,0.0499,"NOISE",TRUE
"604","3112","NOISE",0.9224,0.0232,0.0544,"NOISE",TRUE
"605","3113","NOISE",0.9205,0.0232,0.0563,"NOISE",TRUE
"606","3114","NOISE",0.9223,0.0236,0.0541,"NOISE",TRUE
"607","3115","NOISE",0.9205,0.0254,0.0541,"NOISE",TRUE
"608","3116","NOISE",0.922,0.0254,0.0526,"NOISE",TRUE
"609","3117","NOISE",0.9225,0.0256,0.0519,"NOISE",TRUE
"610","3118","NOISE",0.9217,0.0253,0.053,"NOISE",TRUE
"611","3119","NOISE",0.9226,0.0253,0.0521,"NOISE",TRUE
"612","3120","NOISE",0.9216,0.0253,0.0531,"NOISE",TRUE
"613","3121","NOISE",0.9215,0.0253,0.0532,"NOISE",TRUE
"614","3122","NOISE",0.9225,0.0237,0.0538,"NOISE",TRUE
"615","3123","NOISE",0.9216,0.0253,0.0531,"NOISE",TRUE
"616","3124","NOISE",0.922,0.0253,0.0527,"NOISE",TRUE
"617","3125","NOISE",0.9211,0.0253,0.0536,"NOISE",TRUE
"618","3126","NOISE",0.9228,0.0252,0.052,"NOISE",TRUE
"619","3127","NOISE",0.9216,0.0253,0.0531,"NOISE",TRUE
"620","3128","NOISE",0.9219,0.0253,0.0528,"NOISE",TRUE
"621","3129","NOISE",0.9218,0.0253,0.0529,"NOISE",TRUE
"622","3130","NOISE",0.923,0.0235,0.0535,"NOISE",TRUE
"623","3131","NOISE",0.9226,0.0235,0.0539,"NOISE",TRUE
"624","3132","NOISE",0.9234,0.0235,0.0531,"NOISE",TRUE
"625","3133","NOISE",0.9237,0.0236,0.0527,"NOISE",TRUE
"626","3134","NOISE",0.923,0.0235,0.0535,"NOISE",TRUE
"627","3135","NOISE",0.9221,0.0235,0.0544,"NOISE",TRUE
"628","3136","NOISE",0.9228,0.0232,0.054,"NOISE",TRUE
"629","3137","NOISE",0.9208,0.0232,0.056,"NOISE",TRUE
"630","3138","NOISE",0.9217,0.0235,0.0548,"NOISE",TRUE
"631","3139","NOISE",0.9227,0.0231,0.0542,"NOISE",TRUE
"632","3140","NOISE",0.9208,0.0231,0.0561,"NOISE",TRUE
"633","3141","NOISE",0.9217,0.0236,0.0547,"NOISE",TRUE
"634","3142","NOISE",0.9225,0.0252,0.0523,"NOISE",TRUE
"635","3143","NOISE",0.9214,0.0243,0.0543,"NOISE",TRUE
"636","3144","NOISE",0.923,0.0235,0.0535,"NOISE",TRUE
"637","3145","NOISE",0.9235,0.0235,0.053,"NOISE",TRUE
"638","3146","NOISE",0.923,0.0236,0.0534,"NOISE",TRUE
"639","3147","NOISE",0.923,0.0235,0.0535,"NOISE",TRUE
"640","3148","NOISE",0.9221,0.0234,0.0545,"NOISE",TRUE
"641","3149","NOISE",0.923,0.0235,0.0535,"NOISE",TRUE
"642","3150","NOISE",0.9227,0.0236,0.0537,"NOISE",TRUE
"643","3151","NOISE",0.9235,0.0235,0.053,"NOISE",TRUE
"644","3152","NOISE",0.9205,0.0236,0.0559,"NOISE",TRUE
"645","3153","NOISE",0.9227,0.0235,0.0538,"NOISE",TRUE
"646","3154","NOISE",0.9224,0.0253,0.0523,"NOISE",TRUE
"647","3155","NOISE",0.9215,0.0253,0.0532,"NOISE",TRUE
"648","3156","NOISE",0.9227,0.0253,0.052,"NOISE",TRUE
"649","3157","NOISE",0.9216,0.0252,0.0532,"NOISE",TRUE
"650","3158","NOISE",0.922,0.0253,0.0527,"NOISE",TRUE
"651","3159","NOISE",0.9221,0.0252,0.0527,"NOISE",TRUE
"652","3160","NOISE",0.9235,0.0235,0.053,"NOISE",TRUE
"653","3161","NOISE",0.9202,0.0232,0.0566,"NOISE",TRUE
"654","3162","NOISE",0.9226,0.0232,0.0542,"NOISE",TRUE
"655","3163","NOISE",0.9206,0.0231,0.0563,"NOISE",TRUE
"656","3164","NOISE",0.922,0.0232,0.0548,"NOISE",TRUE
"657","3165","NOISE",0.9236,0.0235,0.0529,"NOISE",TRUE
"658","3166","NOISE",0.9217,0.0253,0.053,"NOISE",TRUE
"659","3167","NOISE",0.9227,0.0253,0.052,"NOISE",TRUE
"660","3168","NOISE",0.9214,0.0253,0.0533,"NOISE",TRUE
"661","3169","NOISE",0.9227,0.0254,0.0519,"NOISE",TRUE
"662","3170","NOISE",0.9207,0.0254,0.0539,"NOISE",TRUE
"663","3171","NOISE",0.9236,0.0235,0.0529,"NOISE",TRUE
"664","3172","NOISE",0.9216,0.0234,0.055,"NOISE",TRUE
"665","3173","NOISE",0.9225,0.0235,0.054,"NOISE",TRUE
"666","3174","NOISE",0.922,0.0242,0.0538,"NOISE",TRUE
"667","3175","NOISE",0.9207,0.0254,0.0539,"NOISE",TRUE
"668","3176","NOISE",0.9225,0.0253,0.0522,"NOISE",TRUE
"669","3177","NOISE",0.9225,0.0236,0.0539,"NOISE",TRUE
"670","3178","NOISE",0.9211,0.0235,0.0554,"NOISE",TRUE
"671","3179","NOISE",0.9209,0.0231,0.056,"NOISE",TRUE
"672","3180","NOISE",0.9229,0.0232,0.0539,"NOISE",TRUE
"673","3181","NOISE",0.9212,0.0231,0.0557,"NOISE",TRUE
"674","3182","NOISE",0.9274,0.0229,0.0497,"NOISE",TRUE
"675","3183","NOISE",0.9275,0.0229,0.0496,"NOISE",TRUE
"676","3184","NOISE",0.9228,0.0232,0.054,"NOISE",TRUE
"677","3185","NOISE",0.9204,0.0232,0.0564,"NOISE",TRUE
"678","3186","NOISE",0.92,0.0232,0.0568,"NOISE",TRUE
"679","3187","NOISE",0.9217,0.0232,0.0551,"NOISE",TRUE
"680","3188","NOISE",0.921,0.0231,0.0559,"NOISE",TRUE
"681","3189","NOISE",0.9279,0.0228,0.0493,"NOISE",TRUE
"682","3190","NOISE",0.9227,0.0235,0.0538,"NOISE",TRUE
"683","3191","NOISE",0.9237,0.0234,0.0529,"NOISE",TRUE
"684","3192","NOISE",0.9233,0.0235,0.0532,"NOISE",TRUE
"685","3193","NOISE",0.9226,0.0242,0.0532,"NOISE",TRUE
"686","3194","NOISE",0.9236,0.0236,0.0528,"NOISE",TRUE
"687","3195","NOISE",0.9223,0.0232,0.0545,"NOISE",TRUE
"688","3196","NOISE",0.9224,0.0232,0.0544,"NOISE",TRUE
"689","3197","NOISE",0.9232,0.0235,0.0533,"NOISE",TRUE
"690","3198","NOISE",0.9224,0.0253,0.0523,"NOISE",TRUE
"691","3199","NOISE",0.9221,0.0253,0.0526,"NOISE",TRUE
"692","3200","NOISE",0.9225,0.0252,0.0523,"NOISE",TRUE
"693","3201","NOISE",0.9233,0.0236,0.0531,"NOISE",TRUE
"694","3202","NOISE",0.9239,0.0235,0.0526,"NOISE",TRUE
"695","3203","NOISE",0.9233,0.0235,0.0532,"NOISE",TRUE
"696","3204","NOISE",0.9232,0.0232,0.0536,"NOISE",TRUE
"697","3205","NOISE",0.9275,0.0229,0.0496,"NOISE",TRUE
"698","3206","NOISE",0.9324,0.0225,0.0451,"NOISE",TRUE
"699","3207","NOISE",0.9314,0.0226,0.046,"NOISE",TRUE
"700","3208","NOISE",0.9208,0.0232,0.056,"NOISE",TRUE
"701","3209","NOISE",0.9225,0.0235,0.054,"NOISE",TRUE
"702","3210","NOISE",0.9231,0.0242,0.0527,"NOISE",TRUE
"703","3211","NOISE",0.922,0.0253,0.0527,"NOISE",TRUE
"704","3212","NOISE",0.924,0.0236,0.0524,"NOISE",TRUE
"705","3213","NOISE",0.924,0.0236,0.0524,"NOISE",TRUE
"706","3214","NOISE",0.9243,0.0235,0.0522,"NOISE",TRUE
"707","3215","NOISE",0.9214,0.0232,0.0554,"NOISE",TRUE
"708","3216","NOISE",0.9222,0.0235,0.0543,"NOISE",TRUE
"709","3217","NOISE",0.9236,0.0235,0.0529,"NOISE",TRUE
"710","3218","NOISE",0.922,0.0235,0.0545,"NOISE",TRUE
"711","3219","NOISE",0.9225,0.0235,0.054,"NOISE",TRUE
"712","3220","NOISE",0.9213,0.0232,0.0555,"NOISE",TRUE
"713","3221","NOISE",0.9224,0.0235,0.0541,"NOISE",TRUE
"714","3222","NOISE",0.922,0.0242,0.0538,"NOISE",TRUE
"715","3223","NOISE",0.9223,0.0253,0.0524,"NOISE",TRUE
"716","3224","NOISE",0.9215,0.0243,0.0542,"NOISE",TRUE
"717","3225","NOISE",0.9212,0.0253,0.0535,"NOISE",TRUE
"718","3226","NOISE",0.9223,0.0236,0.0541,"NOISE",TRUE
"719","3227","NOISE",0.923,0.0236,0.0534,"NOISE",TRUE
"720","3228","NOISE",0.9892,0.0013,0.0095,"NOISE",TRUE
"721","3229","NOISE",0.9217,0.0235,0.0548,"NOISE",TRUE
"722","3230","NOISE",0.9895,0.0013,0.0092,"NOISE",TRUE
"723","3231","NOISE",0.8811,0.0328,0.0861,"NOISE",TRUE
"724","3232","NOISE",0.9223,0.0235,0.0542,"NOISE",TRUE
"725","3233","NOISE",0.9891,0.0014,0.0095,"NOISE",TRUE
"726","3234","NOISE",0.9223,0.0236,0.0541,"NOISE",TRUE
"727","3235","NOISE",0.9897,0.0014,0.0089,"NOISE",TRUE
"728","3236","NOISE",0.9225,0.0236,0.0539,"NOISE",TRUE
"729","3237","NOISE",0.9218,0.0236,0.0546,"NOISE",TRUE
"730","3238","NOISE",0.9221,0.0235,0.0544,"NOISE",TRUE
"731","3239","NOISE",0.9218,0.0234,0.0548,"NOISE",TRUE
"732","3240","NOISE",0.9234,0.0235,0.0531,"NOISE",TRUE
"733","3241","NOISE",0.9237,0.0235,0.0528,"NOISE",TRUE
"734","3242","NOISE",0.9236,0.0235,0.0529,"NOISE",TRUE
"735","3243","NOISE",0.922,0.0232,0.0548,"NOISE",TRUE
"736","3244","NOISE",0.926,0.0229,0.0511,"NOISE",TRUE
"737","3245","NOISE",0.9219,0.0231,0.055,"NOISE",TRUE
"738","3246","NOISE",0.9264,0.0229,0.0507,"NOISE",TRUE
"739","3247","NOISE",0.92,0.0231,0.0569,"NOISE",TRUE
"740","3248","NOISE",0.9211,0.0233,0.0556,"NOISE",TRUE
"741","3249","NOISE",0.9232,0.0235,0.0533,"NOISE",TRUE
