"","event.id","predicted","NOISE","X045","X085","original","correct"
"1","3290","X085",0.0048,5e-04,0.9947,"X085",TRUE
"2","3292","X085",0.3144,0.0353,0.6503,"X085",TRUE
"3","3293","X085",0.0261,0.0027,0.9712,"X085",TRUE
"4","3298","X085",0.2871,0.0436,0.6693,"X085",TRUE
"5","3300","X085",0.3493,0.0283,0.6224,"X085",TRUE
"6","3311","NOISE",0.4829,0.0497,0.4674,"NOISE",TRUE
"7","3312","NOISE",0.4905,0.0343,0.4752,"NOISE",TRUE
"8","3313","NOISE",0.5255,0.0334,0.4411,"NOISE",TRUE
"9","3330","X085",0.1271,0.0465,0.8264,"X085",TRUE
"10","3335","X085",0.2691,0.0535,0.6774,"X085",TRUE
"11","3337","NOISE",0.939,0.0128,0.0482,"NOISE",TRUE
"12","3380","NOISE",0.8337,0.0024,0.1639,"NOISE",TRUE
"13","3381","X085",0.0509,0.008,0.9411,"X085",TRUE
"14","3437","X085",0.1604,0.0655,0.7741,"X085",TRUE
"15","3459","X085",0.3554,0.029,0.6156,"X085",TRUE
"16","3460","X085",0.1745,0.0701,0.7554,"X085",TRUE
"17","3462","X085",0.2703,0.0577,0.672,"X085",TRUE
"18","3463","X085",0.0234,0.1009,0.8757,"X085",TRUE
"19","3480","NOISE",0.8613,0.003,0.1357,"NOISE",TRUE
"20","3504","X085",0.0302,0.0703,0.8995,"X085",TRUE
"21","3562","X085",0.0084,0.0105,0.9811,"NOISE",FALSE
"22","3566","NOISE",0.8177,0.002,0.1803,"NOISE",TRUE
"23","3595","X085",0.4543,0.0533,0.4924,"NOISE",FALSE
"24","3597","X085",0.3338,0.0458,0.6204,"X085",TRUE
"25","3600","X085",0.0188,0.0241,0.9571,"X085",TRUE
"26","3614","NOISE",0.9818,0.005,0.0132,"NOISE",TRUE
"27","3615","NOISE",0.6616,0.1354,0.203,"NOISE",TRUE
"28","3644","X085",0.0443,0.0892,0.8665,"X085",TRUE
"29","3685","X085",0.1011,0.004,0.8949,"X085",TRUE
"30","3686","X085",0.0381,3e-04,0.9616,"X085",TRUE
"31","3688","X085",0.3714,0.0349,0.5937,"X085",TRUE
"32","3694","X085",0.3314,0.0427,0.6259,"X085",TRUE
"33","3727","X085",0.2007,0.0704,0.7289,"NOISE",FALSE
"34","3742","X085",0.1725,0.0715,0.756,"X085",TRUE
"35","3743","NOISE",0.6266,0.0543,0.3191,"NOISE",TRUE
"36","3754","NOISE",0.9394,0.022,0.0386,"NOISE",TRUE
"37","3787","NOISE",0.7339,0.0181,0.248,"X085",FALSE
"38","3804","X085",0.1022,0.0953,0.8025,"X085",TRUE
"39","3813","NOISE",1,0,0,"NOISE",TRUE
"40","3814","NOISE",0.9987,7e-04,6e-04,"NOISE",TRUE
"41","3815","NOISE",0.9375,0.022,0.0405,"NOISE",TRUE
"42","3853","X085",0.0066,0.0146,0.9788,"X085",TRUE
"43","3855","X085",0.0251,0.0932,0.8817,"X085",TRUE
"44","3856","X085",0.1012,0.0719,0.8269,"X085",TRUE
"45","3866","X085",0.0193,0.0335,0.9472,"X085",TRUE
"46","3896","X085",0.1154,0.0702,0.8144,"X085",TRUE
"47","3897","NOISE",0.9176,0.0199,0.0625,"X085",FALSE
"48","3904","X085",0.1183,0.0481,0.8336,"X085",TRUE
"49","3913","NOISE",0.9626,0.0102,0.0272,"NOISE",TRUE
"50","3914","NOISE",0.9291,0.0185,0.0524,"NOISE",TRUE
"51","3933","NOISE",0.9315,0.0221,0.0464,"NOISE",TRUE
"52","3937","NOISE",0.9709,0.0084,0.0207,"NOISE",TRUE
"53","3951","X085",0.0222,0.0552,0.9226,"X085",TRUE
"54","3952","NOISE",0.915,0.0233,0.0617,"X085",FALSE
"55","3971","NOISE",0.924,0.0222,0.0538,"NOISE",TRUE
"56","3997","NOISE",0.9846,0.0046,0.0108,"NOISE",TRUE
"57","3998","NOISE",0.9981,5e-04,0.0014,"NOISE",TRUE
"58","4009","NOISE",0.9899,0.0029,0.0072,"NOISE",TRUE
"59","4013","NOISE",0.938,0.0234,0.0386,"NOISE",TRUE
"60","4018","X085",0.4293,0.0205,0.5502,"NOISE",FALSE
"61","4029","X085",0.0495,6e-04,0.9499,"X085",TRUE
"62","4033","X085",0.1423,0.0613,0.7964,"X085",TRUE
"63","4042","X085",0.1613,0.078,0.7607,"X085",TRUE
"64","4064","X085",0.3133,0.0526,0.6341,"X085",TRUE
"65","4073","X085",0.0793,0.0936,0.8271,"X085",TRUE
"66","4094","X085",0.1109,0.0755,0.8136,"X085",TRUE
"67","4104","NOISE",0.9768,0.007,0.0162,"NOISE",TRUE
"68","4105","NOISE",0.9529,0.0112,0.0359,"NOISE",TRUE
"69","4106","NOISE",0.9438,0.0128,0.0434,"NOISE",TRUE
"70","4107","NOISE",0.9361,0.0226,0.0413,"NOISE",TRUE
"71","4118","X085",0.2631,0.0462,0.6907,"X085",TRUE
"72","4126","X085",0.3802,0.0417,0.5781,"X085",TRUE
"73","4130","NOISE",0.6961,0.0053,0.2986,"X085",FALSE
"74","4142","X085",0.1229,0.065,0.8121,"X085",TRUE
"75","4143","X085",0.0136,0.0369,0.9495,"X085",TRUE
"76","4156","NOISE",0.6955,0.0085,0.296,"X085",FALSE
"77","4157","NOISE",0.9386,0.0228,0.0386,"NOISE",TRUE
"78","4169","NOISE",0.9996,4e-04,0,"NOISE",TRUE
"79","4170","NOISE",0.9995,5e-04,0,"NOISE",TRUE
"80","4171","NOISE",1,0,0,"NOISE",TRUE
"81","4178","NOISE",0.9355,0.0239,0.0406,"NOISE",TRUE
"82","4184","X085",0.2997,0.0459,0.6544,"X085",TRUE
"83","4187","NOISE",0.938,0.0234,0.0386,"NOISE",TRUE
"84","4191","X085",0.3149,0.0447,0.6404,"X085",TRUE
"85","4192","X085",0.1182,0.0774,0.8044,"X085",TRUE
"86","4205","NOISE",0.9996,1e-04,3e-04,"NOISE",TRUE
"87","4207","NOISE",0.995,0.0011,0.0039,"NOISE",TRUE
"88","4209","NOISE",0.9983,5e-04,0.0012,"NOISE",TRUE
"89","4210","NOISE",0.9966,0.0013,0.0021,"NOISE",TRUE
"90","4211","NOISE",0.9982,7e-04,0.0011,"NOISE",TRUE
"91","4221","X085",0.2323,0.0504,0.7173,"X085",TRUE
"92","4262","NOISE",0.7789,0.0145,0.2066,"NOISE",TRUE
"93","4263","NOISE",0.9245,0.0151,0.0604,"NOISE",TRUE
"94","4281","X085",0.3446,0.0314,0.624,"X085",TRUE
"95","4282","X085",0.1382,0.0746,0.7872,"X085",TRUE
"96","4309","X085",0.164,0.0558,0.7802,"X085",TRUE
"97","4310","NOISE",0.9391,0.0223,0.0386,"NOISE",TRUE
"98","4311","NOISE",0.9393,0.022,0.0387,"NOISE",TRUE
"100","4344","X085",0.0536,0.0851,0.8613,"X085",TRUE
"101","4345","X085",0.4214,0.0394,0.5392,"X085",TRUE
"102","4357","NOISE",0.9998,1e-04,1e-04,"NOISE",TRUE
"103","4358","NOISE",1,0,0,"NOISE",TRUE
"104","4393","X085",0.3149,0.0433,0.6418,"X085",TRUE
"105","4420","X085",0.3757,0.019,0.6053,"NOISE",FALSE
"106","4426","NOISE",0.8025,0.0118,0.1857,"NOISE",TRUE
"107","4427","X085",0.3175,0.0459,0.6366,"X085",TRUE
"108","4440","X085",0.3931,0.0267,0.5802,"X085",TRUE
"109","4441","NOISE",0.6596,0.0075,0.3329,"X085",FALSE
"110","4495","X085",0.3223,0.0416,0.6361,"X085",TRUE
"111","4498","NOISE",0.9611,0.0316,0.0073,"NOISE",TRUE
"112","4515","X085",0.1188,0.05,0.8312,"X085",TRUE
"113","4517","X085",0.187,0.0061,0.8069,"X085",TRUE
"114","4518","NOISE",0.8632,0.0019,0.1349,"X085",FALSE
"115","4530","NOISE",0.9946,0.0011,0.0043,"NOISE",TRUE
"116","4531","NOISE",0.9965,0.001,0.0025,"NOISE",TRUE
"117","4532","NOISE",1,0,0,"NOISE",TRUE
"118","4548","X085",0.2103,0.0213,0.7684,"X085",TRUE
"119","4555","X085",0.0688,0.0858,0.8454,"X085",TRUE
"120","4566","X085",0.0324,0.069,0.8986,"X085",TRUE
"121","4577","X085",0.1682,0.0589,0.7729,"X085",TRUE
"122","4594","NOISE",0.6675,0.0075,0.325,"NOISE",TRUE
"123","4610","NOISE",0.8951,0.0307,0.0742,"NOISE",TRUE
"124","4611","NOISE",0.9999,0,1e-04,"NOISE",TRUE
"125","4617","NOISE",0.7449,0.0277,0.2274,"NOISE",TRUE
"126","4618","X085",0.0568,0.0883,0.8549,"X085",TRUE
"127","4627","NOISE",0.9996,2e-04,2e-04,"NOISE",TRUE
"128","4647","X085",0.3142,0.0447,0.6411,"X085",TRUE
"129","4702","NOISE",0.7846,0.0182,0.1972,"NOISE",TRUE
"130","4703","NOISE",0.9828,0.0029,0.0143,"NOISE",TRUE
"131","4704","NOISE",0.8091,0.0605,0.1304,"NOISE",TRUE
"132","4705","NOISE",0.62,0.0353,0.3447,"NOISE",TRUE
"133","4709","NOISE",0.5114,0.0243,0.4643,"NOISE",TRUE
"134","4720","NOISE",0.9587,0.0114,0.0299,"NOISE",TRUE
"135","4721","NOISE",0.9203,0.0021,0.0776,"NOISE",TRUE
"136","4725","NOISE",0.981,0.004,0.015,"NOISE",TRUE
"137","4727","X085",0.2914,0.0442,0.6644,"X085",TRUE
"138","4729","NOISE",0.9802,0.0043,0.0155,"NOISE",TRUE
"139","4730","NOISE",0.9665,0.009,0.0245,"NOISE",TRUE
"140","4736","NOISE",0.882,1e-04,0.1179,"NOISE",TRUE
"141","4737","NOISE",0.6631,0.0076,0.3293,"X085",FALSE
"142","4742","NOISE",0.9856,0.0034,0.011,"NOISE",TRUE
"143","4757","X085",0.0427,0.006,0.9513,"X085",TRUE
"144","4766","NOISE",0.8176,0.0748,0.1076,"NOISE",TRUE
"145","4767","NOISE",0.7881,0.0119,0.2,"X085",FALSE
"146","4769","X085",0.3049,0.0455,0.6496,"X085",TRUE
"147","4770","X085",0.1364,0.0606,0.803,"X085",TRUE
"148","4776","NOISE",0.9889,0.0042,0.0069,"NOISE",TRUE
"149","4777","NOISE",0.9597,0.0037,0.0366,"NOISE",TRUE
"150","4815","NOISE",0.9958,0.0014,0.0028,"NOISE",TRUE
"151","4818","NOISE",0.9889,0.0023,0.0088,"NOISE",TRUE
"152","4835","NOISE",0.8441,0.0071,0.1488,"NOISE",TRUE
"153","4841","X045",0.129,0.5003,0.3707,"X045",TRUE
"154","4854","X085",0.4609,0.0757,0.4634,"NOISE",FALSE
"155","4870","NOISE",0.963,0.0304,0.0066,"NOISE",TRUE
"156","4871","NOISE",0.9091,0.051,0.0399,"NOISE",TRUE
"157","4886","X085",0.2023,0.0216,0.7761,"X085",TRUE
"158","4909","NOISE",0.9468,0.0124,0.0408,"NOISE",TRUE
"159","4974","X085",0.0238,0.0069,0.9693,"X085",TRUE
"160","5007","X045",0.0488,0.8026,0.1486,"X045",TRUE
"161","5027","NOISE",0.9789,0,0.0211,"NOISE",TRUE
"162","5028","NOISE",0.9988,2e-04,0.001,"NOISE",TRUE
"163","5029","NOISE",0.9974,0.0011,0.0015,"NOISE",TRUE
"164","5031","X085",0.1865,0.2718,0.5417,"X045",FALSE
"165","5032","NOISE",0.4342,0.3926,0.1732,"X045",FALSE
"166","5036","NOISE",0.8602,0.0276,0.1122,"NOISE",TRUE
"167","5049","NOISE",0.6033,0.0616,0.3351,"NOISE",TRUE
"168","5050","NOISE",0.9362,0.0165,0.0473,"NOISE",TRUE
"169","5057","X085",0.0404,0.0756,0.884,"X085",TRUE
"170","5063","NOISE",0.9025,0.0059,0.0916,"NOISE",TRUE
"171","5064","NOISE",0.908,0.0165,0.0755,"NOISE",TRUE
"172","5129","NOISE",0.9996,1e-04,3e-04,"NOISE",TRUE
"173","5130","NOISE",0.9976,4e-04,0.002,"NOISE",TRUE
"174","5131","NOISE",0.9968,4e-04,0.0028,"NOISE",TRUE
"175","5132","NOISE",0.7228,0.0837,0.1935,"NOISE",TRUE
"176","5133","NOISE",0.9976,5e-04,0.0019,"NOISE",TRUE
"177","5134","NOISE",0.5081,0.1327,0.3592,"NOISE",TRUE
"178","5138","X085",0.0085,0.0014,0.9901,"NOISE",FALSE
"179","5139","X085",0.0011,0.0042,0.9947,"X085",TRUE
"180","5180","NOISE",0.9901,0.0032,0.0067,"NOISE",TRUE
"181","5192","NOISE",0.5,0.2629,0.2371,"NOISE",TRUE
"182","5240","NOISE",0.9767,0.0071,0.0162,"NOISE",TRUE
"183","5331","NOISE",0.8297,0.0077,0.1626,"NOISE",TRUE
"184","5334","NOISE",0.9668,0.0072,0.026,"NOISE",TRUE
"185","5335","NOISE",0.9963,7e-04,0.003,"NOISE",TRUE
"186","5337","NOISE",0.9256,0.0018,0.0726,"NOISE",TRUE
"187","5338","NOISE",0.924,0.0235,0.0525,"NOISE",TRUE
"188","5340","NOISE",0.9978,8e-04,0.0014,"NOISE",TRUE
"189","5344","NOISE",0.8345,0.0072,0.1583,"NOISE",TRUE
"190","5345","NOISE",0.9789,0.0047,0.0164,"NOISE",TRUE
"191","5346","NOISE",0.8401,0.068,0.0919,"NOISE",TRUE
"192","5369","NOISE",0.9849,0.0041,0.011,"NOISE",TRUE
"193","5370","NOISE",0.9992,2e-04,6e-04,"NOISE",TRUE
"194","5371","NOISE",0.9983,4e-04,0.0013,"NOISE",TRUE
"195","5372","NOISE",0.98,0.0057,0.0143,"NOISE",TRUE
"196","5377","NOISE",0.8776,0.0024,0.12,"NOISE",TRUE
"197","5378","NOISE",0.9469,0.0077,0.0454,"NOISE",TRUE
"198","5379","NOISE",0.9393,1e-04,0.0606,"NOISE",TRUE
"199","5380","NOISE",0.6014,0.0682,0.3304,"NOISE",TRUE
"200","5382","NOISE",0.7812,0.0247,0.1941,"NOISE",TRUE
"201","5383","NOISE",0.8113,0.0118,0.1769,"NOISE",TRUE
"202","5384","NOISE",0.7788,0.0556,0.1656,"NOISE",TRUE
"203","5385","NOISE",0.9109,0.0636,0.0255,"NOISE",TRUE
"204","5392","NOISE",0.7468,0.03,0.2232,"NOISE",TRUE
"205","5394","NOISE",0.8147,0.0016,0.1837,"NOISE",TRUE
"206","5399","NOISE",0.9568,0.0013,0.0419,"NOISE",TRUE
"207","5400","NOISE",0.8538,4e-04,0.1458,"NOISE",TRUE
"208","5401","NOISE",0.5888,0.0121,0.3991,"NOISE",TRUE
"209","5402","NOISE",0.7784,0.035,0.1866,"NOISE",TRUE
"210","5403","NOISE",0.9986,6e-04,8e-04,"NOISE",TRUE
"211","5404","NOISE",0.8224,0.0134,0.1642,"NOISE",TRUE
"212","5405","NOISE",0.868,0.0099,0.1221,"NOISE",TRUE
"213","5406","NOISE",0.9618,0.0036,0.0346,"NOISE",TRUE
"214","5407","NOISE",0.876,0.0013,0.1227,"NOISE",TRUE
"215","5422","NOISE",0.9161,0.0716,0.0123,"NOISE",TRUE
"216","5423","NOISE",0.9251,0.0318,0.0431,"NOISE",TRUE
"217","5424","NOISE",0.6343,0.0729,0.2928,"NOISE",TRUE
"218","5425","NOISE",0.8052,0.0509,0.1439,"NOISE",TRUE
"219","5426","NOISE",0.7129,0.0219,0.2652,"NOISE",TRUE
"220","5427","NOISE",0.9108,0.0038,0.0854,"NOISE",TRUE
"221","5428","NOISE",0.6277,0.1122,0.2601,"NOISE",TRUE
"222","5429","NOISE",0.9878,0.0037,0.0085,"NOISE",TRUE
"223","5430","NOISE",0.8746,0.0575,0.0679,"NOISE",TRUE
"224","5433","NOISE",0.8078,0.0118,0.1804,"NOISE",TRUE
"225","5434","NOISE",0.9891,0.0025,0.0084,"NOISE",TRUE
"226","5435","NOISE",0.6565,0.0176,0.3259,"NOISE",TRUE
"227","5436","NOISE",0.9963,0.0011,0.0026,"NOISE",TRUE
"228","5437","NOISE",0.9384,0.022,0.0396,"NOISE",TRUE
"229","5440","NOISE",0.9876,0.0025,0.0099,"NOISE",TRUE
"230","5454","NOISE",0.9892,0.0021,0.0087,"NOISE",TRUE
"231","5455","NOISE",0.8457,0.0084,0.1459,"NOISE",TRUE
"232","5459","NOISE",0.8609,0.0035,0.1356,"NOISE",TRUE
"233","5460","NOISE",0.9332,0.0199,0.0469,"NOISE",TRUE
"234","5484","NOISE",0.9499,0.0103,0.0398,"NOISE",TRUE
"235","5485","NOISE",0.755,0.011,0.234,"NOISE",TRUE
"236","5486","NOISE",0.4268,0.3667,0.2065,"NOISE",TRUE
"237","5489","NOISE",0.9746,0.0038,0.0216,"NOISE",TRUE
"238","5490","NOISE",0.7132,0.0245,0.2623,"NOISE",TRUE
"239","5491","NOISE",0.8426,0.0056,0.1518,"NOISE",TRUE
"240","5511","NOISE",0.9962,4e-04,0.0034,"NOISE",TRUE
"241","5516","NOISE",0.8832,0.0901,0.0267,"NOISE",TRUE
"242","5517","NOISE",0.8762,0.0913,0.0325,"NOISE",TRUE
"243","5518","NOISE",0.9996,2e-04,2e-04,"NOISE",TRUE
"244","5519","NOISE",0.924,0.0231,0.0529,"NOISE",TRUE
"245","5520","NOISE",0.9292,0.0229,0.0479,"NOISE",TRUE
"246","5521","NOISE",0.9985,6e-04,9e-04,"NOISE",TRUE
"247","5535","NOISE",0.8694,0.0936,0.037,"NOISE",TRUE
"248","5536","NOISE",0.507,0.2783,0.2147,"NOISE",TRUE
"249","5537","NOISE",0.5681,0.1994,0.2325,"NOISE",TRUE
"250","5538","NOISE",0.413,0.372,0.215,"NOISE",TRUE
"251","5539","NOISE",0.4811,0.2759,0.243,"NOISE",TRUE
"252","5540","X045",0.3574,0.4996,0.143,"NOISE",FALSE
"253","5541","NOISE",0.9258,0.0399,0.0343,"NOISE",TRUE
"254","5545","NOISE",0.5194,0.2407,0.2399,"NOISE",TRUE
"255","5547","NOISE",0.5504,0.1818,0.2678,"NOISE",TRUE
"256","5548","NOISE",0.5904,0.1776,0.232,"NOISE",TRUE
"257","5554","NOISE",0.809,0.0663,0.1247,"NOISE",TRUE
"258","5557","NOISE",0.9311,0.0226,0.0463,"NOISE",TRUE
"259","5572","NOISE",0.9988,4e-04,8e-04,"NOISE",TRUE
"260","5573","NOISE",0.9995,4e-04,1e-04,"NOISE",TRUE
"261","5574","NOISE",0.9315,0.0376,0.0309,"NOISE",TRUE
"262","5575","NOISE",0.9628,0.0105,0.0267,"NOISE",TRUE
"263","5576","NOISE",0.9909,0.0034,0.0057,"NOISE",TRUE
"264","5579","NOISE",0.9618,0.0069,0.0313,"NOISE",TRUE
"265","5580","NOISE",0.975,0.0049,0.0201,"NOISE",TRUE
"266","5581","NOISE",0.9777,0.0057,0.0166,"NOISE",TRUE
"267","5582","NOISE",0.8836,1e-04,0.1163,"NOISE",TRUE
"268","5583","NOISE",0.9901,0.0023,0.0076,"NOISE",TRUE
"269","5584","NOISE",0.9924,0.0024,0.0052,"NOISE",TRUE
"270","5585","NOISE",0.9393,0.0129,0.0478,"NOISE",TRUE
"271","5586","NOISE",0.9984,4e-04,0.0012,"NOISE",TRUE
"272","5587","NOISE",0.9968,7e-04,0.0025,"NOISE",TRUE
"273","5588","NOISE",0.9682,0.0091,0.0227,"NOISE",TRUE
"274","5589","NOISE",0.9847,0.0041,0.0112,"NOISE",TRUE
"275","5590","NOISE",0.9927,0.0024,0.0049,"NOISE",TRUE
"276","5591","NOISE",0.7735,0.0914,0.1351,"NOISE",TRUE
"277","5592","NOISE",0.9193,0.0021,0.0786,"NOISE",TRUE
"278","5593","NOISE",0.9986,3e-04,0.0011,"NOISE",TRUE
"279","5594","NOISE",0.9851,0.0033,0.0116,"NOISE",TRUE
"280","5595","NOISE",0.9993,2e-04,5e-04,"NOISE",TRUE
"281","5596","NOISE",0.9607,0.0113,0.028,"NOISE",TRUE
"282","5597","NOISE",0.9602,0.0114,0.0284,"NOISE",TRUE
"283","5598","NOISE",0.9987,0,0.0013,"NOISE",TRUE
"284","5599","NOISE",0.9983,5e-04,0.0012,"NOISE",TRUE
"285","5600","NOISE",0.9697,0.0052,0.0251,"NOISE",TRUE
"286","5601","NOISE",0.9756,0.0049,0.0195,"NOISE",TRUE
"287","5602","NOISE",0.9706,0.005,0.0244,"NOISE",TRUE
"288","5603","NOISE",0.9767,0.0049,0.0184,"NOISE",TRUE
"289","5604","NOISE",0.9827,0.0034,0.0139,"NOISE",TRUE
"290","5605","NOISE",0.9805,0.004,0.0155,"NOISE",TRUE
"291","5606","NOISE",0.9398,0.012,0.0482,"NOISE",TRUE
"292","5607","NOISE",0.9767,0.0039,0.0194,"NOISE",TRUE
"293","5608","NOISE",0.9777,0.0039,0.0184,"NOISE",TRUE
"294","5609","NOISE",0.9969,2e-04,0.0029,"NOISE",TRUE
"295","5611","NOISE",0.8088,0.0632,0.128,"NOISE",TRUE
"296","5612","NOISE",0.9811,0.0046,0.0143,"NOISE",TRUE
"297","5613","NOISE",0.5916,0.1694,0.239,"NOISE",TRUE
"298","5614","NOISE",0.9983,6e-04,0.0011,"NOISE",TRUE
"299","5615","NOISE",0.9177,0.0076,0.0747,"NOISE",TRUE
"300","5616","NOISE",0.6281,0.0355,0.3364,"NOISE",TRUE
"301","5617","NOISE",0.6561,0.0324,0.3115,"NOISE",TRUE
"302","5619","NOISE",0.9386,0.022,0.0394,"NOISE",TRUE
"303","5621","NOISE",0.8124,0.0104,0.1772,"NOISE",TRUE
"304","5622","NOISE",0.8945,0.0082,0.0973,"NOISE",TRUE
"305","5623","NOISE",0.947,0.0149,0.0381,"NOISE",TRUE
"306","5624","NOISE",0.9801,0.0041,0.0158,"NOISE",TRUE
"307","5625","NOISE",0.9696,0.0055,0.0249,"NOISE",TRUE
"308","5628","NOISE",0.98,0.004,0.016,"NOISE",TRUE
"309","5629","NOISE",0.7823,0.0164,0.2013,"NOISE",TRUE
"310","5630","NOISE",0.7019,0.023,0.2751,"NOISE",TRUE
"311","5631","NOISE",0.9509,0.0093,0.0398,"NOISE",TRUE
"312","5632","NOISE",0.8356,0.0091,0.1553,"NOISE",TRUE
"313","5633","NOISE",0.8206,0.0108,0.1686,"NOISE",TRUE
"314","5634","NOISE",0.7707,0.0178,0.2115,"NOISE",TRUE
"315","5635","NOISE",0.6249,0.0225,0.3526,"NOISE",TRUE
"316","5636","X085",0.4288,0.0492,0.522,"NOISE",FALSE
"317","5637","NOISE",0.5236,0.0326,0.4438,"NOISE",TRUE
"318","5638","NOISE",0.6538,0.0217,0.3245,"NOISE",TRUE
"319","5639","NOISE",0.5333,0.0322,0.4345,"NOISE",TRUE
"320","5640","NOISE",0.6548,0.0311,0.3141,"NOISE",TRUE
"321","5641","NOISE",0.904,0.0043,0.0917,"NOISE",TRUE
"322","5642","NOISE",0.7919,0.0096,0.1985,"NOISE",TRUE
"323","5643","NOISE",0.7908,0.0161,0.1931,"NOISE",TRUE
"324","5644","X085",0.3436,0.1049,0.5515,"NOISE",FALSE
"325","5645","X085",0.3722,0.0398,0.588,"NOISE",FALSE
"326","5646","NOISE",0.6748,0.0277,0.2975,"NOISE",TRUE
"327","5647","NOISE",0.5311,0.0516,0.4173,"NOISE",TRUE
"328","5648","X085",0.3775,0.0368,0.5857,"NOISE",FALSE
"329","5649","NOISE",0.8665,0.0025,0.131,"NOISE",TRUE
"330","5650","NOISE",0.9437,0.0151,0.0412,"NOISE",TRUE
"331","5651","NOISE",0.9827,0.0045,0.0128,"NOISE",TRUE
"332","5652","NOISE",0.9977,5e-04,0.0018,"NOISE",TRUE
"333","5653","NOISE",0.9955,0.0013,0.0032,"NOISE",TRUE
"334","5654","NOISE",0.9973,7e-04,0.002,"NOISE",TRUE
"335","5655","NOISE",0.9947,0.0012,0.0041,"NOISE",TRUE
"336","5656","NOISE",0.9866,0.0029,0.0105,"NOISE",TRUE
"337","5657","NOISE",0.9903,0.0022,0.0075,"NOISE",TRUE
"338","5658","NOISE",0.9857,0.0032,0.0111,"NOISE",TRUE
"339","5659","NOISE",0.9973,7e-04,0.002,"NOISE",TRUE
"340","5660","NOISE",0.9816,0.004,0.0144,"NOISE",TRUE
"341","5661","NOISE",0.9985,4e-04,0.0011,"NOISE",TRUE
"342","5662","NOISE",0.9985,4e-04,0.0011,"NOISE",TRUE
"343","5663","NOISE",0.9996,2e-04,2e-04,"NOISE",TRUE
"344","5664","NOISE",0.9952,0.0011,0.0037,"NOISE",TRUE
"345","5665","NOISE",0.993,0.0018,0.0052,"NOISE",TRUE
"346","5666","NOISE",1,0,0,"NOISE",TRUE
"347","5671","NOISE",0.9982,7e-04,0.0011,"NOISE",TRUE
"348","5673","NOISE",0.9896,0.0017,0.0087,"NOISE",TRUE
"349","5682","NOISE",0.9837,0.0035,0.0128,"NOISE",TRUE
"350","5683","NOISE",0.9762,0.0057,0.0181,"NOISE",TRUE
"351","5686","NOISE",0.7484,0.0415,0.2101,"NOISE",TRUE
"352","5687","NOISE",0.9796,0.0054,0.015,"NOISE",TRUE
"353","5688","NOISE",0.9987,0,0.0013,"NOISE",TRUE
"354","5689","NOISE",0.9545,0.0146,0.0309,"NOISE",TRUE
"355","5690","NOISE",0.9994,2e-04,4e-04,"NOISE",TRUE
"356","5749","NOISE",0.9999,0,1e-04,"NOISE",TRUE
"357","5750","NOISE",0.8823,0.0234,0.0943,"NOISE",TRUE
"358","5751","NOISE",0.847,0.0605,0.0925,"NOISE",TRUE
"359","5806","NOISE",0.8502,0.0076,0.1422,"NOISE",TRUE
"360","5807","NOISE",0.9939,4e-04,0.0057,"NOISE",TRUE
"361","5809","NOISE",0.9958,8e-04,0.0034,"NOISE",TRUE
"362","5810","NOISE",0.8401,0.0553,0.1046,"NOISE",TRUE
"363","5811","NOISE",0.9116,0.0187,0.0697,"NOISE",TRUE
"364","5812","NOISE",0.9266,0.019,0.0544,"NOISE",TRUE
"365","5813","NOISE",0.5895,0.1644,0.2461,"NOISE",TRUE
"366","5814","NOISE",0.8902,0,0.1098,"NOISE",TRUE
"367","5815","NOISE",0.9065,0.0184,0.0751,"NOISE",TRUE
"368","5816","NOISE",0.9998,0,2e-04,"NOISE",TRUE
"369","5817","NOISE",0.7462,0.0361,0.2177,"NOISE",TRUE
"370","5818","NOISE",0.9267,0.0192,0.0541,"NOISE",TRUE
"371","5819","NOISE",0.8069,0.0115,0.1816,"NOISE",TRUE
"372","5820","NOISE",0.9023,0.0221,0.0756,"NOISE",TRUE
"373","5821","NOISE",0.809,0.0122,0.1788,"NOISE",TRUE
"374","5835","X085",0.3504,0.0283,0.6213,"X085",TRUE
"375","5837","NOISE",0.9309,0.0279,0.0412,"NOISE",TRUE
"376","5855","NOISE",0.9985,5e-04,0.001,"NOISE",TRUE
"377","5856","NOISE",0.9781,0.0043,0.0176,"NOISE",TRUE
"378","5857","NOISE",0.9286,0.0015,0.0699,"NOISE",TRUE
"379","5858","NOISE",0.995,7e-04,0.0043,"NOISE",TRUE
"380","5859","NOISE",0.9866,0.0032,0.0102,"NOISE",TRUE
"381","5860","NOISE",0.973,0.0044,0.0226,"NOISE",TRUE
"382","5861","NOISE",0.9822,0.0042,0.0136,"NOISE",TRUE
"383","5862","NOISE",0.9782,0.0057,0.0161,"NOISE",TRUE
"384","5863","NOISE",0.9965,8e-04,0.0027,"NOISE",TRUE
"385","5870","NOISE",0.5059,0.0991,0.395,"NOISE",TRUE
"386","5882","NOISE",0.5768,0.0561,0.3671,"NOISE",TRUE
"387","5883","NOISE",0.6755,0.0444,0.2801,"NOISE",TRUE
"388","5884","NOISE",0.7203,0.0471,0.2326,"NOISE",TRUE
"389","5885","NOISE",0.985,0.0028,0.0122,"NOISE",TRUE
"390","5895","NOISE",0.7008,0.0462,0.253,"NOISE",TRUE
"391","5896","NOISE",0.8399,0.0052,0.1549,"NOISE",TRUE
"392","5897","NOISE",0.953,0.0097,0.0373,"NOISE",TRUE
"393","5898","NOISE",0.9654,0.0071,0.0275,"NOISE",TRUE
"394","5899","NOISE",0.5755,0.0258,0.3987,"NOISE",TRUE
"395","5900","NOISE",0.6405,0.0417,0.3178,"NOISE",TRUE
"396","5901","NOISE",0.9772,0.005,0.0178,"NOISE",TRUE
"397","5902","NOISE",0.9246,0.0128,0.0626,"NOISE",TRUE
"398","5931","NOISE",0.5443,0.0426,0.4131,"NOISE",TRUE
"399","5932","NOISE",0.9274,0.0156,0.057,"NOISE",TRUE
"400","5937","NOISE",0.8269,0.1037,0.0694,"NOISE",TRUE
"401","5944","NOISE",0.9359,0.0224,0.0417,"NOISE",TRUE
"402","5960","NOISE",0.9297,0.0217,0.0486,"NOISE",TRUE
"403","5971","NOISE",0.9879,0.0013,0.0108,"NOISE",TRUE
"404","5972","NOISE",0.9153,0.0231,0.0616,"NOISE",TRUE
"405","5973","NOISE",0.9996,3e-04,1e-04,"NOISE",TRUE
"406","5976","NOISE",0.8133,0.0426,0.1441,"NOISE",TRUE
"407","6006","NOISE",0.8771,0.0035,0.1194,"NOISE",TRUE
"408","6007","NOISE",0.9878,0.0024,0.0098,"NOISE",TRUE
"409","6008","NOISE",0.9637,0.0096,0.0267,"NOISE",TRUE
"410","6020","NOISE",0.6951,0.0467,0.2582,"NOISE",TRUE
"411","6021","NOISE",0.9858,0.0025,0.0117,"NOISE",TRUE
"412","6022","NOISE",0.9764,0.0058,0.0178,"NOISE",TRUE
"413","6023","NOISE",0.98,0.0036,0.0164,"NOISE",TRUE
"414","6035","NOISE",0.9793,0.0042,0.0165,"NOISE",TRUE
"415","6036","NOISE",0.9802,0.0041,0.0157,"NOISE",TRUE
"416","6037","NOISE",0.9823,0.0038,0.0139,"NOISE",TRUE
"417","6038","NOISE",0.8524,0.0042,0.1434,"NOISE",TRUE
"418","6039","NOISE",0.8384,0.0045,0.1571,"NOISE",TRUE
"419","6040","NOISE",0.9751,0.0048,0.0201,"NOISE",TRUE
"420","6042","NOISE",0.8492,0.0062,0.1446,"NOISE",TRUE
"421","6043","NOISE",0.9287,0.0071,0.0642,"NOISE",TRUE
"422","6044","NOISE",0.9402,0.0121,0.0477,"NOISE",TRUE
"423","6048","X085",0.3109,0.0563,0.6328,"NOISE",FALSE
"424","6049","NOISE",0.9824,0.0042,0.0134,"NOISE",TRUE
"425","6050","X085",0.4355,0.0762,0.4883,"NOISE",FALSE
"426","6051","NOISE",0.5485,0.0767,0.3748,"NOISE",TRUE
"427","6052","NOISE",0.9978,4e-04,0.0018,"NOISE",TRUE
"428","6053","NOISE",0.9973,9e-04,0.0018,"NOISE",TRUE
"429","6059","NOISE",0.5238,0.2764,0.1998,"NOISE",TRUE
"430","6067","NOISE",0.8423,0.0086,0.1491,"NOISE",TRUE
"431","6082","NOISE",0.9355,0.0239,0.0406,"NOISE",TRUE
"432","6083","NOISE",0.9865,0.0029,0.0106,"NOISE",TRUE
"433","6094","NOISE",0.998,4e-04,0.0016,"NOISE",TRUE
"434","6126","NOISE",0.9617,0.0109,0.0274,"NOISE",TRUE
"435","6127","NOISE",0.9743,0.0053,0.0204,"NOISE",TRUE
"436","6128","NOISE",0.9813,0.0043,0.0144,"NOISE",TRUE
"437","6131","NOISE",0.9214,0.0435,0.0351,"NOISE",TRUE
"438","6132","NOISE",0.938,0.0234,0.0386,"NOISE",TRUE
"439","6135","NOISE",0.9834,0.0033,0.0133,"NOISE",TRUE
"440","6136","NOISE",0.9895,0.0013,0.0092,"NOISE",TRUE
"441","6137","NOISE",0.9882,0.0029,0.0089,"NOISE",TRUE
"442","6138","NOISE",0.8541,0.0634,0.0825,"NOISE",TRUE
"443","6139","NOISE",0.9989,1e-04,0.001,"NOISE",TRUE
"444","6140","NOISE",0.9609,0.0111,0.028,"NOISE",TRUE
"445","6141","NOISE",0.8541,0.0599,0.086,"NOISE",TRUE
"446","6142","NOISE",0.9973,9e-04,0.0018,"NOISE",TRUE
"447","6143","NOISE",0.9982,0,0.0018,"NOISE",TRUE
"448","6144","NOISE",0.8432,0.0031,0.1537,"NOISE",TRUE
"449","6145","NOISE",0.9006,0.008,0.0914,"NOISE",TRUE
"450","6146","NOISE",0.9767,0.0066,0.0167,"NOISE",TRUE
"451","6147","NOISE",0.8841,0,0.1159,"NOISE",TRUE
"452","6148","NOISE",0.9638,0.0188,0.0174,"NOISE",TRUE
"453","6149","NOISE",1,0,0,"NOISE",TRUE
"454","6150","NOISE",0.8274,0.0222,0.1504,"NOISE",TRUE
"455","6151","NOISE",0.9694,0.0051,0.0255,"NOISE",TRUE
"456","6152","NOISE",0.9769,0.0047,0.0184,"NOISE",TRUE
"457","6153","NOISE",0.9695,0.0048,0.0257,"NOISE",TRUE
"458","6154","NOISE",0.9723,0.0046,0.0231,"NOISE",TRUE
"459","6155","NOISE",0.9747,0.0042,0.0211,"NOISE",TRUE
"460","6156","NOISE",0.9625,0.0066,0.0309,"NOISE",TRUE
"461","6157","NOISE",0.6129,0.073,0.3141,"NOISE",TRUE
"462","6163","NOISE",0.9615,0.0083,0.0302,"NOISE",TRUE
"463","6171","NOISE",0.9171,0.02,0.0629,"NOISE",TRUE
"464","6173","NOISE",0.9943,0.001,0.0047,"NOISE",TRUE
"465","6174","NOISE",0.881,0.0102,0.1088,"NOISE",TRUE
"466","6175","NOISE",0.7331,0.0415,0.2254,"NOISE",TRUE
"467","6176","X085",0.3946,0.032,0.5734,"NOISE",FALSE
"468","6177","NOISE",0.7449,0.04,0.2151,"NOISE",TRUE
"469","6180","NOISE",0.5841,0.0545,0.3614,"NOISE",TRUE
"470","6181","NOISE",0.7117,0.0989,0.1894,"NOISE",TRUE
"471","6182","NOISE",0.9662,0.0071,0.0267,"NOISE",TRUE
"472","6183","NOISE",0.9769,0.0057,0.0174,"NOISE",TRUE
"473","6184","NOISE",0.9282,0.0019,0.0699,"NOISE",TRUE
"474","6185","NOISE",0.6902,0.0509,0.2589,"NOISE",TRUE
"475","6186","NOISE",0.6922,0.0632,0.2446,"NOISE",TRUE
"476","6188","NOISE",0.8645,0.0126,0.1229,"NOISE",TRUE
"477","6189","NOISE",0.8252,0.0112,0.1636,"NOISE",TRUE
"478","6190","NOISE",0.8192,0.0095,0.1713,"NOISE",TRUE
"479","6191","NOISE",0.8525,0.0047,0.1428,"NOISE",TRUE
"480","6192","NOISE",0.8386,0.0091,0.1523,"NOISE",TRUE
"481","6193","NOISE",0.9542,0.0125,0.0333,"NOISE",TRUE
"482","6194","NOISE",0.9586,0.0047,0.0367,"NOISE",TRUE
"483","6195","NOISE",0.8533,0.0268,0.1199,"NOISE",TRUE
"484","6196","NOISE",0.8892,0.002,0.1088,"NOISE",TRUE
"485","6197","NOISE",0.9804,0.0034,0.0162,"NOISE",TRUE
"486","6198","NOISE",0.9747,0.0042,0.0211,"NOISE",TRUE
"487","6199","NOISE",0.9799,0.0035,0.0166,"NOISE",TRUE
"488","6200","NOISE",0.9281,0.0151,0.0568,"NOISE",TRUE
"489","6201","NOISE",0.8247,0.0099,0.1654,"NOISE",TRUE
"490","6202","NOISE",0.942,0.0125,0.0455,"NOISE",TRUE
"491","6203","NOISE",0.6288,0.0517,0.3195,"NOISE",TRUE
"492","6204","NOISE",0.8885,0.0092,0.1023,"NOISE",TRUE
"493","6205","NOISE",0.806,0.013,0.181,"NOISE",TRUE
"494","6206","NOISE",0.9803,0.0035,0.0162,"NOISE",TRUE
"495","6207","NOISE",0.9609,0.0082,0.0309,"NOISE",TRUE
"496","6208","NOISE",0.9794,0.0051,0.0155,"NOISE",TRUE
"497","6214","NOISE",0.8845,0.0084,0.1071,"NOISE",TRUE
"498","6216","NOISE",0.9837,0.0036,0.0127,"NOISE",TRUE
"499","6217","NOISE",0.9888,0.0028,0.0084,"NOISE",TRUE
"500","6218","NOISE",0.9965,8e-04,0.0027,"NOISE",TRUE
"501","6220","NOISE",0.8155,0.066,0.1185,"NOISE",TRUE
"502","6222","NOISE",0.9357,0.0216,0.0427,"NOISE",TRUE
"503","6223","NOISE",0.935,0.0199,0.0451,"NOISE",TRUE
"504","6227","X085",0.452,0.0242,0.5238,"NOISE",FALSE
"505","6228","NOISE",0.7944,0.0139,0.1917,"NOISE",TRUE
"506","6229","NOISE",0.8166,0.0106,0.1728,"NOISE",TRUE
"507","6235","NOISE",0.9308,0.0013,0.0679,"NOISE",TRUE
"508","6236","NOISE",0.9978,2e-04,0.002,"NOISE",TRUE
"509","6237","NOISE",0.9308,0.0013,0.0679,"NOISE",TRUE
"510","6238","NOISE",0.9517,0.0094,0.0389,"NOISE",TRUE
"511","6239","NOISE",0.9644,0.0058,0.0298,"NOISE",TRUE
"512","6240","NOISE",0.8411,0.0707,0.0882,"NOISE",TRUE
"513","6241","NOISE",0.9971,9e-04,0.002,"NOISE",TRUE
"514","6242","NOISE",0.9957,0.0012,0.0031,"NOISE",TRUE
"515","6243","NOISE",0.9646,0.0078,0.0276,"NOISE",TRUE
"516","6244","NOISE",0.9568,0.0084,0.0348,"NOISE",TRUE
"517","6245","NOISE",0.8445,0.007,0.1485,"NOISE",TRUE
"518","6246","NOISE",0.9839,0.0032,0.0129,"NOISE",TRUE
"519","6247","NOISE",0.973,0.0049,0.0221,"NOISE",TRUE
"520","6248","NOISE",0.9088,0.006,0.0852,"NOISE",TRUE
"521","6249","NOISE",0.9676,0.0063,0.0261,"NOISE",TRUE
"522","6250","NOISE",0.9813,0.0034,0.0153,"NOISE",TRUE
"523","6251","NOISE",0.9645,0.0067,0.0288,"NOISE",TRUE
"524","6252","NOISE",0.9731,0.0052,0.0217,"NOISE",TRUE
"525","6253","NOISE",0.9907,0.002,0.0073,"NOISE",TRUE
"526","6257","NOISE",0.846,0.0597,0.0943,"NOISE",TRUE
"527","6258","NOISE",0.9941,0.0016,0.0043,"NOISE",TRUE
"528","6259","NOISE",0.9999,0,1e-04,"NOISE",TRUE
"529","6260","NOISE",0.9371,0.0153,0.0476,"NOISE",TRUE
"530","6265","NOISE",0.9693,0.0086,0.0221,"NOISE",TRUE
"531","6266","NOISE",0.9336,0.0202,0.0462,"NOISE",TRUE
"532","6267","NOISE",0.9988,0,0.0012,"NOISE",TRUE
"533","6268","NOISE",0.9953,7e-04,0.004,"NOISE",TRUE
"534","6270","NOISE",0.9289,0,0.0711,"NOISE",TRUE
"535","6271","NOISE",0.9855,0.0041,0.0104,"NOISE",TRUE
"536","6272","NOISE",0.9997,1e-04,2e-04,"NOISE",TRUE
"537","6273","NOISE",1,0,0,"NOISE",TRUE
"538","6274","NOISE",0.9237,0.0235,0.0528,"NOISE",TRUE
"539","6275","NOISE",0.929,0.0229,0.0481,"NOISE",TRUE
"540","6276","NOISE",0.9358,0.0224,0.0418,"NOISE",TRUE
"541","6277","NOISE",0.9225,0.0232,0.0543,"NOISE",TRUE
"542","6278","NOISE",0.9252,0.0236,0.0512,"NOISE",TRUE
"543","6279","NOISE",0.9252,0.0235,0.0513,"NOISE",TRUE
"544","6280","NOISE",0.6149,0.1645,0.2206,"NOISE",TRUE
"545","6281","NOISE",0.7905,0.0831,0.1264,"NOISE",TRUE
"546","6282","NOISE",0.9985,4e-04,0.0011,"NOISE",TRUE
"547","6284","NOISE",0.9238,0.0235,0.0527,"NOISE",TRUE
"548","6285","NOISE",0.9232,0.024,0.0528,"NOISE",TRUE
"549","6303","NOISE",0.9441,0.0154,0.0405,"NOISE",TRUE
"550","6304","NOISE",0.6785,0.1265,0.195,"NOISE",TRUE
"551","6306","NOISE",0.7189,0.0567,0.2244,"NOISE",TRUE
"552","6307","NOISE",0.6921,0.0254,0.2825,"NOISE",TRUE
"553","6308","NOISE",0.9448,0.0106,0.0446,"NOISE",TRUE
"554","6311","NOISE",0.9318,0.0155,0.0527,"NOISE",TRUE
"555","6312","X085",0.4027,0.0367,0.5606,"NOISE",FALSE
"556","6313","NOISE",0.562,0.0281,0.4099,"NOISE",TRUE
"557","6315","NOISE",0.9836,0.0032,0.0132,"NOISE",TRUE
"558","6326","NOISE",0.927,0.023,0.05,"NOISE",TRUE
"559","6327","NOISE",0.9068,0.0278,0.0654,"NOISE",TRUE
"560","6328","NOISE",0.9547,0.0139,0.0314,"NOISE",TRUE
"561","6329","NOISE",0.9999,0,1e-04,"NOISE",TRUE
"562","6330","NOISE",1,0,0,"NOISE",TRUE
"563","6331","NOISE",0.9449,0.018,0.0371,"NOISE",TRUE
"564","6332","NOISE",0.9995,4e-04,1e-04,"NOISE",TRUE
"565","6333","NOISE",0.9366,0.0228,0.0406,"NOISE",TRUE
"566","6334","NOISE",0.9366,0.0228,0.0406,"NOISE",TRUE
"567","6335","NOISE",0.9994,5e-04,1e-04,"NOISE",TRUE
"568","6336","NOISE",0.9999,1e-04,0,"NOISE",TRUE
"569","6337","NOISE",0.9384,0.022,0.0396,"NOISE",TRUE
"570","6339","NOISE",0.9999,0,1e-04,"NOISE",TRUE
"571","6340","NOISE",0.9674,0.0193,0.0133,"NOISE",TRUE
"572","6341","NOISE",0.9999,0,1e-04,"NOISE",TRUE
"573","6342","NOISE",0.9999,0,1e-04,"NOISE",TRUE
"574","6343","NOISE",0.937,0.0228,0.0402,"NOISE",TRUE
"575","6344","NOISE",0.9999,0,1e-04,"NOISE",TRUE
"576","6345","NOISE",0.9373,0.0225,0.0402,"NOISE",TRUE
"577","6346","NOISE",0.9393,0.0221,0.0386,"NOISE",TRUE
"578","6347","NOISE",0.6579,0.0731,0.269,"NOISE",TRUE
"579","6348","NOISE",0.8952,0.0456,0.0592,"NOISE",TRUE
"580","6349","NOISE",0.937,0.0228,0.0402,"NOISE",TRUE
"581","6350","NOISE",0.9997,2e-04,1e-04,"NOISE",TRUE
"582","6351","NOISE",0.9997,2e-04,1e-04,"NOISE",TRUE
"583","6352","NOISE",0.9373,0.0224,0.0403,"NOISE",TRUE
"584","6353","NOISE",1,0,0,"NOISE",TRUE
"585","6354","NOISE",1,0,0,"NOISE",TRUE
"586","6355","NOISE",0.8212,0.0794,0.0994,"NOISE",TRUE
"587","6356","NOISE",0.9998,2e-04,0,"NOISE",TRUE
"588","6357","NOISE",0.9344,0.0207,0.0449,"NOISE",TRUE
"589","6358","NOISE",0.9991,0,9e-04,"NOISE",TRUE
"590","6359","NOISE",0.7755,0.0854,0.1391,"NOISE",TRUE
"591","6360","NOISE",1,0,0,"NOISE",TRUE
"592","6361","NOISE",0.9998,0,2e-04,"NOISE",TRUE
"593","6362","NOISE",0.9394,0.022,0.0386,"NOISE",TRUE
"594","6363","NOISE",0.933,0.0359,0.0311,"NOISE",TRUE
"595","6364","NOISE",0.7313,0.1017,0.167,"NOISE",TRUE
"596","6365","NOISE",0.9394,0.0219,0.0387,"NOISE",TRUE
"597","6366","NOISE",1,0,0,"NOISE",TRUE
"598","6367","NOISE",1,0,0,"NOISE",TRUE
"599","6368","NOISE",0.9662,0.0096,0.0242,"NOISE",TRUE
"600","6369","NOISE",0.8874,0.0337,0.0789,"NOISE",TRUE
"601","6370","NOISE",0.9993,0,7e-04,"NOISE",TRUE
"602","6371","NOISE",0.9998,1e-04,1e-04,"NOISE",TRUE
"603","6372","NOISE",0.9371,0.0225,0.0404,"NOISE",TRUE
"604","6373","NOISE",0.937,0.0228,0.0402,"NOISE",TRUE
"605","6374","NOISE",0.7925,0.0884,0.1191,"NOISE",TRUE
"606","6375","NOISE",0.9999,0,1e-04,"NOISE",TRUE
"607","6376","NOISE",1,0,0,"NOISE",TRUE
"608","6377","NOISE",0.9996,0,4e-04,"NOISE",TRUE
"609","6378","NOISE",0.9998,2e-04,0,"NOISE",TRUE
"610","6379","NOISE",1,0,0,"NOISE",TRUE
"611","6380","NOISE",0.9616,0.0111,0.0273,"NOISE",TRUE
"612","6381","NOISE",0.9375,0.0216,0.0409,"NOISE",TRUE
"613","6382","NOISE",0.9987,0,0.0013,"NOISE",TRUE
"614","6383","NOISE",0.9318,0.0217,0.0465,"NOISE",TRUE
"615","6384","NOISE",0.6555,0.1676,0.1769,"NOISE",TRUE
"616","6392","NOISE",0.8539,0.0031,0.143,"NOISE",TRUE
"617","6393","NOISE",0.946,0.0143,0.0397,"NOISE",TRUE
"618","6403","NOISE",0.6187,0.0387,0.3426,"NOISE",TRUE
"619","6406","NOISE",0.9989,4e-04,7e-04,"NOISE",TRUE
"620","6407","NOISE",0.8232,0.0744,0.1024,"NOISE",TRUE
"621","6408","NOISE",0.9822,0.0045,0.0133,"NOISE",TRUE
"622","6409","NOISE",0.9996,1e-04,3e-04,"NOISE",TRUE
"623","6412","NOISE",0.9889,0.0023,0.0088,"NOISE",TRUE
"624","6415","NOISE",0.9653,0.0082,0.0265,"NOISE",TRUE
"625","6416","NOISE",0.7803,0.0208,0.1989,"NOISE",TRUE
"626","6417","NOISE",0.9771,0.0049,0.018,"NOISE",TRUE
"627","6458","NOISE",0.544,0.1652,0.2908,"NOISE",TRUE
"628","6460","NOISE",0.816,0.068,0.116,"NOISE",TRUE
"629","6462","NOISE",0.9197,0.0165,0.0638,"NOISE",TRUE
"630","6463","NOISE",0.5264,0.0557,0.4179,"NOISE",TRUE
"631","6464","NOISE",0.631,0.0446,0.3244,"NOISE",TRUE
"632","6466","NOISE",0.8298,0.0177,0.1525,"NOISE",TRUE
"633","6467","NOISE",0.6406,0.0479,0.3115,"NOISE",TRUE
"634","6468","NOISE",0.716,0.0582,0.2258,"NOISE",TRUE
"635","6469","NOISE",0.9349,0.0119,0.0532,"NOISE",TRUE
"636","6470","NOISE",0.9843,0.0035,0.0122,"NOISE",TRUE
"637","6471","NOISE",0.9996,4e-04,0,"NOISE",TRUE
"638","6472","NOISE",0.9589,0.0113,0.0298,"NOISE",TRUE
"639","6473","NOISE",0.899,0.0306,0.0704,"NOISE",TRUE
"640","6474","NOISE",0.5411,0.2459,0.213,"NOISE",TRUE
"641","6475","NOISE",0.9974,9e-04,0.0017,"NOISE",TRUE
"642","6476","NOISE",1,0,0,"NOISE",TRUE
"643","6477","NOISE",1,0,0,"NOISE",TRUE
"644","6478","NOISE",0.9978,8e-04,0.0014,"NOISE",TRUE
"645","6479","NOISE",0.9995,4e-04,1e-04,"NOISE",TRUE
"646","6480","NOISE",0.9349,0.0219,0.0432,"NOISE",TRUE
"647","6481","NOISE",0.9286,0.0229,0.0485,"NOISE",TRUE
"648","6482","NOISE",0.9295,0.0228,0.0477,"NOISE",TRUE
"649","6483","NOISE",0.9353,0.0224,0.0423,"NOISE",TRUE
"650","6484","NOISE",0.9359,0.0225,0.0416,"NOISE",TRUE
"651","6485","NOISE",1,0,0,"NOISE",TRUE
"652","6486","NOISE",0.9991,0,9e-04,"NOISE",TRUE
"653","6487","NOISE",1,0,0,"NOISE",TRUE
"654","6488","NOISE",0.9604,0.0113,0.0283,"NOISE",TRUE
"655","6489","NOISE",0.9994,4e-04,2e-04,"NOISE",TRUE
"656","6490","NOISE",0.9997,1e-04,2e-04,"NOISE",TRUE
"657","6491","NOISE",0.9996,4e-04,0,"NOISE",TRUE
"658","6492","NOISE",0.944,0.0182,0.0378,"NOISE",TRUE
"659","6493","NOISE",0.9999,1e-04,0,"NOISE",TRUE
"660","6494","NOISE",0.9993,4e-04,3e-04,"NOISE",TRUE
"661","6495","NOISE",0.8115,0.0821,0.1064,"NOISE",TRUE
"662","6496","NOISE",0.9993,4e-04,3e-04,"NOISE",TRUE
"663","6497","NOISE",0.9388,0.0189,0.0423,"NOISE",TRUE
"664","6498","NOISE",0.9352,0.0224,0.0424,"NOISE",TRUE
"665","6499","NOISE",0.9989,4e-04,7e-04,"NOISE",TRUE
"666","6500","NOISE",0.9347,0.0219,0.0434,"NOISE",TRUE
"667","6501","NOISE",0.9994,4e-04,2e-04,"NOISE",TRUE
"668","6502","NOISE",0.9343,0.0224,0.0433,"NOISE",TRUE
"669","6503","NOISE",0.9996,4e-04,0,"NOISE",TRUE
"670","6504","NOISE",0.9538,0.0138,0.0324,"NOISE",TRUE
"671","6505","NOISE",0.9977,4e-04,0.0019,"NOISE",TRUE
"672","6506","NOISE",0.6694,0.1739,0.1567,"NOISE",TRUE
"673","6507","NOISE",0.9995,4e-04,1e-04,"NOISE",TRUE
"674","6508","NOISE",0.9987,4e-04,9e-04,"NOISE",TRUE
"675","6509","NOISE",0.7545,0.0969,0.1486,"NOISE",TRUE
"676","6510","NOISE",0.8873,0.0329,0.0798,"NOISE",TRUE
"677","6511","NOISE",0.7037,0.1059,0.1904,"NOISE",TRUE
"678","6512","NOISE",0.7268,0.0982,0.175,"NOISE",TRUE
"679","6513","NOISE",0.9603,0.0114,0.0283,"NOISE",TRUE
"680","6514","NOISE",0.9839,0.0045,0.0116,"NOISE",TRUE
"681","6515","NOISE",0.998,1e-04,0.0019,"NOISE",TRUE
"682","6516","NOISE",0.9214,0.0236,0.055,"NOISE",TRUE
"683","6517","NOISE",0.9923,0.0025,0.0052,"NOISE",TRUE
"684","6518","NOISE",1,0,0,"NOISE",TRUE
"685","6519","NOISE",0.9361,0.0225,0.0414,"NOISE",TRUE
"686","6520","NOISE",0.9996,4e-04,0,"NOISE",TRUE
"687","6521","NOISE",0.9998,1e-04,1e-04,"NOISE",TRUE
"688","6522","NOISE",0.944,0.0182,0.0378,"NOISE",TRUE
"689","6523","NOISE",0.9355,0.0228,0.0417,"NOISE",TRUE
"690","6524","NOISE",0.9015,0.0293,0.0692,"NOISE",TRUE
"691","6525","NOISE",0.8866,0.0329,0.0805,"NOISE",TRUE
"692","6526","NOISE",0.9029,0.029,0.0681,"NOISE",TRUE
"693","6527","NOISE",0.9357,0.0221,0.0422,"NOISE",TRUE
"694","6528","NOISE",0.8723,0.0451,0.0826,"NOISE",TRUE
"695","6529","NOISE",0.8855,0.0338,0.0807,"NOISE",TRUE
"696","6530","NOISE",0.9356,0.0228,0.0416,"NOISE",TRUE
"697","6531","NOISE",0.9349,0.0228,0.0423,"NOISE",TRUE
"698","6532","NOISE",0.9354,0.0228,0.0418,"NOISE",TRUE
"699","6533","NOISE",0.9361,0.0228,0.0411,"NOISE",TRUE
"700","6534","NOISE",0.9352,0.0224,0.0424,"NOISE",TRUE
"701","6535","NOISE",0.9355,0.0228,0.0417,"NOISE",TRUE
"702","6536","NOISE",0.551,0.1344,0.3146,"NOISE",TRUE
"703","6537","NOISE",0.8861,0.0341,0.0798,"NOISE",TRUE
"704","6538","NOISE",0.935,0.0224,0.0426,"NOISE",TRUE
"705","6539","NOISE",0.9352,0.0224,0.0424,"NOISE",TRUE
"706","6540","NOISE",0.9352,0.0228,0.042,"NOISE",TRUE
"707","6541","NOISE",0.9352,0.0224,0.0424,"NOISE",TRUE
"708","6542","NOISE",0.9629,0.0108,0.0263,"NOISE",TRUE
"709","6543","NOISE",0.944,0.0182,0.0378,"NOISE",TRUE
"710","6544","NOISE",0.9976,4e-04,0.002,"NOISE",TRUE
"711","6545","NOISE",0.9356,0.0228,0.0416,"NOISE",TRUE
"712","6546","NOISE",0.9961,7e-04,0.0032,"NOISE",TRUE
"713","6547","NOISE",0.9351,0.0224,0.0425,"NOISE",TRUE
"714","6548","NOISE",0.9337,0.0219,0.0444,"NOISE",TRUE
"715","6549","NOISE",0.9353,0.0224,0.0423,"NOISE",TRUE
"716","6550","NOISE",0.935,0.0224,0.0426,"NOISE",TRUE
"717","6551","NOISE",0.9357,0.0224,0.0419,"NOISE",TRUE
"718","6552","NOISE",0.9358,0.0228,0.0414,"NOISE",TRUE
"719","6553","NOISE",0.9358,0.0224,0.0418,"NOISE",TRUE
"720","6554","NOISE",0.9345,0.0228,0.0427,"NOISE",TRUE
"721","6555","NOISE",0.9235,0.023,0.0535,"NOISE",TRUE
"722","6556","NOISE",0.9967,6e-04,0.0027,"NOISE",TRUE
"723","6557","NOISE",0.9988,4e-04,8e-04,"NOISE",TRUE
"724","6558","NOISE",0.9322,0.0226,0.0452,"NOISE",TRUE
"725","6559","NOISE",0.9351,0.0224,0.0425,"NOISE",TRUE
"726","6560","NOISE",0.9349,0.0219,0.0432,"NOISE",TRUE
"727","6561","NOISE",0.9358,0.0224,0.0418,"NOISE",TRUE
"728","6562","NOISE",0.9358,0.0224,0.0418,"NOISE",TRUE
"729","6563","NOISE",0.9346,0.0224,0.043,"NOISE",TRUE
"730","6564","NOISE",0.9359,0.0224,0.0417,"NOISE",TRUE
"731","6565","NOISE",0.9351,0.0228,0.0421,"NOISE",TRUE
"732","6566","NOISE",0.936,0.0227,0.0413,"NOISE",TRUE
"733","6567","NOISE",0.6201,0.1718,0.2081,"NOISE",TRUE
"734","6568","NOISE",0.8739,0.0551,0.071,"NOISE",TRUE
"735","6569","NOISE",0.9982,8e-04,0.001,"NOISE",TRUE
"736","6570","NOISE",0.9998,1e-04,1e-04,"NOISE",TRUE
"737","6571","NOISE",0.8253,0.0689,0.1058,"NOISE",TRUE
"738","6572","NOISE",0.7969,0.0817,0.1214,"NOISE",TRUE
"739","6573","NOISE",0.9169,0.0344,0.0487,"NOISE",TRUE
"740","6574","NOISE",0.887,0.0377,0.0753,"NOISE",TRUE
"741","6575","NOISE",0.8888,0.0321,0.0791,"NOISE",TRUE
"742","6576","NOISE",0.939,0.0329,0.0281,"NOISE",TRUE
"743","6577","NOISE",0.7987,0.0819,0.1194,"NOISE",TRUE
"744","6578","NOISE",0.9995,4e-04,1e-04,"NOISE",TRUE
"745","6579","NOISE",0.6482,0.1415,0.2103,"NOISE",TRUE
"746","6580","NOISE",0.935,0.0224,0.0426,"NOISE",TRUE
